"","station","river","longitude","latitude","Yslopezyp","Yinterceptzyp","Ysigzyp","Yslopelm","Yintlm","Wslopezyp","Winterceptzyp","Wsigzyp","Wslopelm","Wintlm","Spslopezyp","Spinterceptzyp","Spsigzyp","Spslopelm","Spintlm","Sslopezyp","Sinterceptzyp","Ssigzyp","Sslopelm","Sintlm","Aslopezyp","Ainterceptzyp","Asigzyp","Aslopelm","Aintlm"
"1","REES","RHINE RIVER",6.395395,51.756918,-6.25,13612.5,0.217931687831879,-6.09170040485826,13297.9244939271,-3.92045454545455,9147.27272727273,0.580151200294495,-5.79180161943327,12949.5838731445,-5.375,12293.75,0.435709893703461,-6.40182186234824,14451.0155195683,-12.7884615384615,27126.4423076923,0.0111003182828426,-11.9283653846157,25477.4358974365,-3.75,8700,0.615051329135895,-3.70204959514162,8611.49983130888
"2","HATTINGEN","RUHR",7.161034,51.39975,0.0374999999999999,-53.1999999999999,0.159115314483643,-0.0232894736842084,68.0893117408864,0.0349999999999999,-40.9324999999998,0.762861132621765,0.0660374493927118,-100.035784412954,-0.160869565217391,354.761956521739,0.0742271840572357,-0.141773785425115,317.703340080999,-0.075,173.1,0.37884122133255,-0.135068319838054,293.953947368415,0.046875,-71.165625,0.174538016319275,0.00656629554656462,10.1632422402041
"3","MENDEN 1","SIEG",7.159168,50.797901,0.00552631578947371,-3.67500000000005,0.597485423088074,-0.0302980769230755,68.4909839743562,0.0395833333333333,-61.3624999999999,0.632840633392334,0.0677927631578947,-115.567829706478,-0.0694078947368421,159.803289473684,0.465897381305695,-0.0605926113360385,143.550382928487,-0.10390625,217.3653125,0.144746616482735,-0.134833755060726,280.496644736837,0.043828125,-78.945703125,0.268584728240967,0.0336138663967653,-58.0161622807101
"4","DUESSELDORF","RHINE RIVER",6.770183,51.225547,-6.96428571428571,14932.3214285714,0.174538046121597,-7.06171558704448,15146.3726636301,-5.83333333333333,12849.1666666667,0.435709893703461,-6.5666751012146,14395.0719888665,-5.9375,13312.1875,0.450660526752472,-7.2977226720648,16131.0991902835,-14.1015625,29702.3046875,0.00960282888263464,-12.8818825910934,27306.1049257765,-4.25,9613.75,0.546208381652832,-4.52044534412942,10161.0509446691
"5","EBNET","DREISAM",7.898793,47.987783,-0.00516666666666667,10.7765833333333,0.435709893703461,-0.00644822874493887,13.4328650303636,0.0175,-33.04125,0.268584728240967,0.00486540991902836,-7.8299608383941,0.0122916666666667,-22.03875,0.597485423088074,0.00952510121457486,-16.3053723009446,-0.0123214285714286,25.5868035714286,0.365371525287628,-0.0130992914979752,27.2580317138991,-0.00303125,6.58778125,0.820972561836243,0.00113279352226819,-1.565596659921
"6","KOELN","RHINE RIVER",6.963293,50.936961,-6.50735294117647,14010.9191176471,0.19105039536953,-6.22998481781373,13461.556958502,-4.42307692307692,10016.7307692308,0.513279914855957,-5.06811740890692,11364.8814439947,-4.86111111111111,11123.0555555556,0.465897381305695,-5.69845647773284,12891.1341093118,-11.875,25193.125,0.0147300250828266,-11.4637651821865,24434.3444669371,-3.60294117647059,8305.36764705882,0.650845050811768,-3.73180668016186,8557.7223346827
"7","SCHERMBECK 1","LIPPE",6.85115,51.673858,-0.05,117.2,0.0783965140581131,-0.0503061740890695,117.946016363024,0.00535714285714306,9.26964285714245,0.801475405693054,0.0373507085020228,-52.2034893724667,-0.0824999999999999,188.23,0.151801511645317,-0.0909716599190335,207.17633265858,-0.0768750000000001,172.749375,0.0207099672406912,-0.067431680161946,153.75598852902,-0.0509615384615386,119.303846153846,0.0742271840572357,-0.048853744939272,115.574477058031
"8","KAUB","RHINE RIVER",7.764967,50.085444,-4.93103448275862,10695.5387931034,0.257856726646423,-5.04066295546556,10924.2564018218,-1.9875,4925.7125,0.782101154327393,-2.59832995951417,6188.53594804319,-1.57407407407407,4251.71296296296,0.724828243255615,-2.17115384615384,5514.99679487179,-10.75,22760.75,0.00828815717250109,-10.5285678137655,22400.3663967617,-2.98369565217391,6914.59782608696,0.513279914855957,-3.40895748987843,7771.46305667993
"9","NAUHEIM","SCHWARZBACH",8.452623,49.950818,-0.00411458333333333,8.42813541666667,0.000903459964320064,-0.00432679655870448,8.85159003879898,-0.00286057692307692,6.10252403846154,0.0560136325657368,-0.00287882085020253,6.15068595647793,-0.00545089285714286,11.3437767857143,0.00525514967739582,-0.00498724696356301,10.4635708502029,-0.00515277777777778,10.5482638888889,0.000627229455858469,-0.0054103238866397,11.0717567476384,-0.00332142857142857,6.86180357142858,0.0236392170190811,-0.00398431174089066,8.18509143049926
"10","EPPSTEIN","SCHWARZBACH",8.399592,50.136749,-0.00343965517241379,7.06427586206896,0.0392275042831898,-0.00321371457489878,6.61240133265855,-0.002925,6.12135,0.0305898506194353,-0.00342133097165998,7.16361561234831,-0.00634722222222222,13.168625,0.137945666909218,-0.00760037955465613,15.7464802631584,-0.0043125,8.870625,0.0236392170190811,-0.00505308704453427,10.3660394736839,-0.00341875,7.03905,0.0392275042831898,-0.00325030364372459,6.7011104925774
"11","EBERSTADT","MODAU",8.627985,49.813865,-0.00402717391304348,8.32694836956522,0.0583174079656601,-0.00371957848624574,7.71749926785723,-0.0032554347826087,6.90610597826087,0.177507728338242,-0.00281399984287038,6.07746071217646,-0.00665625,13.9069375,0.0886407345533371,-0.00642466853777343,13.4344442338848,-0.00726315789473684,14.8921809210526,0.00405297847464681,-0.00837533322316194,17.1265546831399,-0.00425416666666667,8.79778125,0.0424060262739658,-0.00441980496963058,9.15639686675396
"12","LORSCH","WESCHNITZ",8.571186,49.668736,-0.0207386363636364,42.5405681818182,0.0128017580136657,-0.0212847165991903,43.6695683535762,-0.0188461538461539,39.2182692307692,0.0498536936938763,-0.0141157894736844,29.9820208502028,-0.0265,55.20975,0.0827544629573822,-0.0354959514170043,73.3141464237522,-0.0254464285714286,52.2986607142857,0.0157868787646294,-0.0268102985829959,55.0682446018892,-0.0162,33.5084,0.0560136325657368,-0.0131173836032384,27.5022351551949
"13","MAXAU","RHINE RIVER",8.305563,49.038985,-3.1953125,6985.578125,0.435709893703461,-3.68701923076924,8009.64631410258,-1.01388888888889,2776.34722222222,0.74376654624939,-1.548987854251,3822.27928475031,1.48863636363636,-2191.76136363636,0.546208381652832,0.838157894736846,-880.796558704462,-6.07142857142857,13175.8928571429,0.0368939004838467,-6.65258097166018,14380.6971997306,-2.53409090909091,5830.60227272727,0.563056409358978,-2.84924089068812,6454.15806342753
"14","KLEINHEUBACH","MAIN",9.224584,49.716475,-0.135714285714286,330.842857142857,0.899954319000244,-0.0794660931174022,220.724515013482,0.00833333333333404,67.6916666666652,0.899954319000244,-0.172737854251018,435.139829622144,-0.881578947368421,1880.24407894737,0.113180078566074,-0.783565283400844,1698.08922064784,-0.152884615384615,381.90673076923,0.650845050811768,-0.298107287449402,672.826433873163,0.126515151515151,-187.406818181818,0.529614090919495,0.122588562753054,-178.94122807021
"15","STEIN","KOCHER",9.287113,49.258277,-0.0178333333333333,40.40525,0.339342653751373,-0.0181563765182191,41.51084665992,-0.02125,50.8475,0.650845050811768,-0.0159711538461551,41.0511442307718,-0.0812499999999998,174.38125,0.092058964073658,-0.100428137651827,214.387589406219,-0.0622727272727273,131.707840909091,0.0528587177395821,-0.0766576417004075,160.910796221328,-0.0146875,34.3153125000001,0.563056409358978,-0.0116442307692319,28.7820833333355
"16","TRUNSTADT","MAIN",10.75521,49.929698,0.257894736842105,-471.796052631579,0.191050410270691,0.269967105263165,-493.345653677476,0.393534482758621,-726.595689655172,0.0920590162277222,0.288939777327939,-512.84734564778,-0.28421052631579,645.498684210527,0.247429549694061,-0.349870951417024,779.288056680202,0.283653846153846,-513.822115384615,0.0873067378997803,0.171680161943321,-288.913529014848,0.4375,-827.225,0.0416852235794067,0.436052631578966,-823.394045209215
"17","FRANKFURT OSTHAFEN","MAIN",8.714986,50.105773,-0.622159090909091,1306.90340909091,0.497212111949921,-0.563873987854252,1196.07192223347,-0.785546875,1653.7359375,0.0560136325657368,-0.840065789473701,1776.57356443998,-2.22142857142857,4564.31785714286,0.00167239503934979,-2.35285425101223,4841.4732456142,-1.03387096774194,2147.375,0.0664319172501564,-1.03082489878546,2145.74434885296,-0.37840909090909,830.120454545454,0.481416165828705,-0.335161943319836,744.618437921723
"18","HANAU","KINZIG",8.945812,50.132082,0.00764999999999999,-12.56735,0.0873067378997803,0.00355592105263212,-4.29899131241675,-0.00534090909090908,14.7778409090909,0.801475405693054,0.00286411943319791,-1.02095167003955,-0.0405769230769231,86.5421153846154,0.131393730640411,-0.0375652834008112,81.067137314443,-0.00604166666666665,15.3860416666666,0.979940176010132,-0.0157730263157887,34.869610323885,0.0104347826086956,-18.1171739130435,0.0920590162277222,0.00391219635627723,-4.90823886640062
"19","HARRESHAUSEN","GERSPRENZ",8.984184,49.973683,-0.0116009615384615,24.0107980769231,0.0827544629573822,-0.0118368927125505,24.4885126349527,-0.0104166666666667,22.2266666666667,0.174538046121597,-0.0122651315789477,26.0119980263164,-0.0187878787878788,39.4985984848485,0.199725389480591,-0.0202713056680165,42.7065921052637,-0.0192211538461538,39.4589423076923,0.0193678364157677,-0.0211027834008098,43.3098873144402,-0.010025,20.900675,0.092058964073658,-0.0101990384615381,21.2850641025633
"20","LEUN NEU","LAHN",8.355248,50.545162,-0.0521052631578947,111.839473684211,0.174538046121597,-0.0627031882591081,133.211622047906,-0.0375,88.1499999999999,0.37884122133255,-0.0710549089068846,156.75139110999,-0.189404761904762,396.003571428571,0.0137360375374556,-0.197301872469643,412.92364878544,-0.084375,177.820625,0.0236392170190811,-0.114910678137649,239.199144736837,-0.0471527777777778,102.050208333333,0.268584728240967,-0.0383410931174056,84.8941734142985
"21","MARBURG","LAHN",8.764489,50.798716,-0.0307142857142857,64.9644642857143,0.0111003182828426,-0.0330245445344127,69.6670901653166,-0.02575,57.4602500000001,0.174538046121597,-0.0348917004048593,76.374310391365,-0.0879741379310345,183.027456896552,0.00960282888263464,-0.0913757591093145,190.434595141706,-0.038125,80.3993749999999,0.0664319172501564,-0.0471029858299588,98.5365485829945,-0.0263815789473684,56.4938157894737,0.144746616482735,-0.0223408400809709,48.5515840080956
"22","ASSLAR","DILL",8.464053,50.582265,-0.00345833333333333,8.11399999999999,0.801475405693054,-0.00506963562753026,11.3640125168689,-0.00504999999999999,13.04665,0.435709893703461,-0.0147328441295552,32.6578849021603,-0.0408333333333334,85.5220833333334,0.0593238435685635,-0.0398251518218639,83.9144062078304,-0.01375,29.105,0.0742271840572357,-0.0206539473684207,42.9652248650466,-0.000624999999999999,2.479375,0.820972561836243,0.00213577935222711,-2.92463883265935
"23","GIESSEN","ARGEN",9.595917,47.627989,-0.0448958333333334,94.6740625,0.0236392170190811,-0.0392659412955468,83.6394115215929,0.0103804347826087,-13.565597826087,0.706056833267212,0.0128846153846158,-18.0661858974367,-0.0358333333333333,79.6095833333333,0.182655915617943,-0.0338879048583025,76.411450742246,-0.0496354166666666,105.220416666667,0.119016230106354,-0.0391358805668035,84.9114406207866,-0.0125,30.5149999999999,0.959893226623535,0.0046672570850216,-3.2682000674791
"24","GERBERTSHAUS","SCHUSSEN",9.534877,47.672577,-0.02046875,44.6890625,0.19105039536953,-0.0186814271255062,41.1301664136305,-0.0220535714285714,49.463125,0.392612338066101,-0.0275101214574904,60.776226383267,-0.0465384615384615,98.969423076923,0.0169098563492298,-0.0445339068825945,95.3236791498045,-0.0193269230769231,43.03125,0.199725389480591,-0.0237482287449407,52.2547267206507,-0.00406250000000008,12.3850000000002,0.724828243255615,-0.00542611336032411,15.1636369770585
"25","BEUTELSAU","UNTERE ARGEN",9.81745,47.70835,-0.00825,18.639,0.217931687831879,-0.0103770242914981,22.8862356612689,0.00180555555555557,-0.810555555555577,0.880083918571472,0.000500506072874576,1.92054605263141,-0.01225,27.47325,0.113180078566074,-0.013362348178139,29.8946002024319,-0.0164930555555556,35.5580208333333,0.0873067304491997,-0.01848633603239,39.7068707827287,-0.0065340909090909,15.4867045454545,0.860288739204407,-0.00175050607287396,6.02716599190176
"26","UHLDINGEN","SEEFELDER AACH",9.24493,47.729498,-0.00670614919354839,14.7001537298387,0.0883489921689034,-0.00664659913788352,14.5686139903524,-0.0106818181818182,23.1955681818182,0.144996151328087,-0.0123324386195079,26.5707576374201,-0.017875,37.728875,0.0269214194267988,-0.0156439777327944,33.386897773281,-0.0083173076923077,18.0274519230769,0.0347517989575863,-0.00800961538461553,17.5630817307695,-0.00325,7.92299999999999,0.36145293712616,-0.00539978406807213,12.1981839483476
"27","HAUSEN","ZABER",9.24,49.19,-0.00228308823529412,4.84883455882353,0.168911322951317,-0.00229325057047197,4.8734654824487,-1.92307692307714e-05,0.440442307692312,0.74376654624939,0.000274418016194309,-0.13444622975704,-0.00306944444444445,6.65155555555556,0.4537672996521,-0.00448245265616011,9.52714965691725,-0.004703125,9.75673437500001,0.0416852757334709,-0.00538340080971676,11.136981106613,-0.00280769230769231,5.93753846153846,0.0742271840572357,-0.00310660425101227,6.53026939946043
"28","SACHSENHEIM","WERN",9.761058,50.022368,-0.008125,17.348875,0.113180078566074,-0.0082585273279354,17.651376256748,-0.00897727272727272,19.3076136363636,0.119016230106354,-0.0088016953441298,19.0486498903514,-0.0297794117647059,61.9911029411765,0.137945666909218,-0.0305790738866403,63.793997132255,-0.0181818181818182,37.8718181818182,0.0368939004838467,-0.0194581730769237,40.5287211538474,-0.00616666666666667,13.6065833333333,0.237301290035248,-0.00574342105263201,12.7802715924435
"29","TAUBERBISCHOFSHEIM","TAUBER",9.665742,49.625874,0.00867187500000002,-14.59421875,0.61505126953125,0.00674595141700415,-10.696246626181,0.00487500000000001,-6.32762500000001,0.597485423088074,0.011397520242915,-18.608610914305,-0.00235576923076924,13.0142307692308,0.840580940246582,0.00819458502024257,-8.38237516869029,-0.00925000000000003,23.0420000000001,0.615051329135895,-0.00613486842105322,16.8717240215936,0.00618055555555556,-9.4607638888889,0.801475405693054,0.00824620445344127,-13.4018960863697
"30","BAD MERGENTHEIM","TAUBER",9.773611,49.4925,-0.0141342592592593,29.7050509259259,0.495366275310516,-0.00867077418639365,18.8547836356215,0.00200066137566137,-2.05006283068782,0.757996678352356,0.0127480530658653,-22.9758421887601,-0.020241935483871,45.1183467741935,0.175125136971474,-0.0271466937055033,59.2408470331444,-0.0256666666666667,53.855,0.146280556917191,-0.0260755190282865,54.7231381407397,-0.014375,30.460625,0.372365295886993,-0.00899999605155096,19.7233099579885
"31","PETTSTADT","REGNITZ",10.941275,49.834192,0.172115384615384,-314.358173076923,0.225412964820862,0.182947268049124,-335.224809789229,0.121590909090909,-207.021590909091,0.247429609298706,0.0368724696356288,-36.5798616734169,-0.153629032258065,348.98185483871,0.352204918861389,-0.189033400809726,422.814878542528,0.1625,-288.4,0.247429609298706,0.188137651821868,-340.461201079633,0.2765625,-520.1296875,0.026404857635498,0.308302682361474,-583.427966154523
"32","UNTERLANGENSTADT","RODACH",11.226675,50.181522,-0.0226468181818182,46.536065,0.0304360687732697,-0.0248743729938855,51.0366593022687,-0.011125,25.39375,0.706056833267212,0.00407844129554659,-4.67517594466944,-0.0561875,115.87425,0.00128904485609382,-0.0584911437246988,121.055460526321,-0.0276923076923077,57.0130769230769,0.00035640801070258,-0.0340691548583009,69.9368449730122,-0.0249230567226891,51.2106328781513,0.0407787077128887,-0.0230108833616072,47.539291388506
"33","RIEDERICH","ERMS",9.266819,48.559907,-0.00376041666666666,8.58798958333333,0.421049416065216,-0.00260809716599202,6.38345802968984,0.00124999999999997,-0.748749999999947,1,-0.00200544028340098,5.64254179318523,0.00455,-6.85115,0.706056833267212,0.00299038461538438,-3.55230769230723,-0.00785714285714285,17.34625,0.37884122133255,-0.00959620445344173,21.023620445345,0.0030625,-4.80743750000001,0.860288739204407,0.00106885121457464,-0.817933198380043
"34","WANNWEIL","ECHAZ",9.151828,48.51144,0.000451923076923083,0.00805769230768077,0.754067480564117,-0.000362109672505741,1.67025865384621,0.00229464285714286,-3.22343750000001,0.967405319213867,0.00237310004352073,-3.38645906593386,0.00289772727272726,-4.04198863636361,0.899954319000244,0.000817560728744541,0.255487516869892,-0.00528409090909092,11.8700568181818,0.268584728240967,-0.00871702935222745,18.9568599865062,0.00162878787878788,-2.28247727272727,0.820972561836243,0.00266621963562748,-4.28275657894727
"35","RANGENDINGEN","STARZEL",8.886825,48.380713,0.00090625,-1.60559375,0.566446185112,0.00107360586011343,-1.93743193019176,0.00128225806451613,-2.19484274193548,0.880898952484131,0.00222120052277819,-4.01498170276326,-0.000558035714285714,1.63104017857143,0.650845050811768,0.000654858299594959,-0.761681342779661,-0.000410539215686271,1.11966850490195,0.792238414287567,-0.00124957106351909,2.81199667498173,0.000968668831168832,-1.72418295454546,0.812508583068848,0.00128456927995937,-2.33429368088741
"36","BAD IMNAU","EYACH",8.777782,48.403623,-0.0004375,1.4428125,0.939871430397034,-3.7550607287432e-05,0.681868151147064,0.00543918918918919,-9.86287162162162,0.61505126953125,0.00895002530364376,-16.8681294281377,0.000197368421052616,0.898223684210558,0.706056833267212,-0.000544660931174483,2.45013596491307,-0.00448355263157895,9.89155263157895,0.465897381305695,-0.00398949898785469,8.94540182186324,-0.0004375,1.472875,0.860288739204407,0.000918623481781383,-1.16906106612687
"37","KAPPELRODECK","ACHER",8.125898,48.584384,-0.00870161290322581,17.8841129032258,0.0346795842051506,-0.0118391700404861,24.1907348852906,-0.003875,8.58025,0.481416165828705,-0.00167087550607294,4.30649359817826,-0.00895625,18.95074375,0.19105039536953,-0.0090734311740898,19.2377693994617,-0.0147329545454545,30.1145113636364,0.0181023478507996,-0.01743810728745,35.6206056005411,-0.00645833333333333,13.4359166666667,0.097016803920269,-0.00779278846153887,16.1840320512829
"38","LAHR","SCHUTTER",7.868864,48.340419,-0.00314285714285714,6.70233928571428,0.0742271840572357,-0.00290690789473688,6.23840247132262,1.13636363636351e-05,0.618079545454548,0.959893226623535,-0.000421128542510101,1.49380070006744,-0.00431818181818183,9.3451931818182,0.199725389480591,-0.00531632085020265,11.4241032388668,-0.00598986486486487,12.4847128378378,0.0627947747707367,-0.00773914473684237,16.0280651147104,-0.00272916666666667,5.87935416666667,0.125085681676865,-0.00265705971659927,5.75343994601906
"39","ROCKENAU SKA","NECKAR",9.005032,49.438249,-0.15,342.8375,0.339342653751373,-0.166275303643728,377.006447368427,-0.163392857142857,390.554464285713,0.580151200294495,-0.180460526315799,428.307899797589,-0.549404761904762,1183.42023809524,0.0664319172501564,-0.590495951417041,1276.60183873152,-0.487916666666666,1032.36083333333,0.0873067304491997,-0.565247975708532,1193.36774628886,-0.137931034482759,319.784051724138,0.465897381305695,-0.15484817813766,356.560458839422
"40","LAUFFEN","NECKAR",9.145666,49.073397,-0.139527027027027,306.856418918919,0.131393730640411,-0.159380060728749,348.105869601897,-0.184659090909091,413.169886363636,0.302589476108551,-0.144838056680165,332.267493252368,-0.338194444444444,729.208333333333,0.092058964073658,-0.422365890688284,903.885307017594,-0.357589285714286,757.185267857143,0.0392275042831898,-0.447464574898807,937.562803643769,-0.109134615384615,246.751442307692,0.279615342617035,-0.128415991902842,287.961150472351
"41","PLOCHINGEN","NECKAR",9.419,48.707,-0.0484375000000001,109.971875,0.513279914855957,-0.0481647267206496,110.970807945348,-0.00288461538461536,28.3163461538461,0.880083918571472,0.00331174089068606,15.6481312415698,-0.147222222222222,322.863888888889,0.257856726646423,-0.160430161943334,352.450708502053,-0.145,310.6275,0.119016230106354,-0.1995875506073,421.064844804344,-0.0241666666666666,63.4491666666665,0.801475405693054,-0.019616649797575,55.2102867746373
"42","ROTTWEIL","NECKAR",8.618248,48.168228,-0.00156250000000002,4.23437500000004,0.392612338066101,-0.000926518218623649,3.00468043184919,0.002,-2.19875,0.860288739204407,0.00296834514170031,-4.12213860492558,-0.00775000000000001,18.057,0.247429549694061,-0.00923681680162167,21.0661368083716,-0.00615131578947369,13.9330592105263,0.860288739204407,-0.00639190283400839,14.4978890013501,0.000634259259259257,-0.0566898148148109,0.979940176010132,0.00125657894736826,-1.27892712550575
"43","WENDLINGEN (KLA)","NECKAR",9.382104,48.675446,-0.0599375,130.42275,0.406682550907135,-0.0541576417004062,120.286478323215,-0.00443548387096772,27.4088709677419,0.801475405693054,-0.00388891700404995,25.7838168859677,-0.119354838709677,261.3625,0.237301290035248,-0.129577429149808,284.483704453462,-0.133333333333333,284.654166666667,0.137945666909218,-0.154391194331993,326.97572199732,-0.025,62.3624999999999,0.706056833267212,-0.022607287449395,58.1819146423798
"44","MECKESHEIM","ELSENZ",8.818847,49.321958,-0.00279545454545455,6.4420965909091,0.360121607780457,-0.00287443007732726,6.61026909013014,-0.000243220899470904,1.5413172123016,0.646498441696167,0.000101310908601294,0.915701819330844,-0.016875,35.239375,0.1724913418293,-0.0140381911513657,29.7122835143209,-0.00924812030075189,19.7647462406015,0.213256478309631,-0.0133706009637345,28.0225354720474,-0.003828125,8.62771875000001,0.208829581737518,-0.00474241833363922,10.4694186280358
"45","MOSBACH","ELZ",9.128615,49.345874,0.000572115384615386,-0.800413461538464,0.724828243255615,0.000335146761133598,-0.311413503711192,-0.000923076923076924,2.39975961538462,0.840580940246582,-0.00101644736842113,2.62980777665333,-0.00275446428571429,6.41083482142857,0.421049416065216,-0.00285599696356303,6.70261892712606,-0.0023125,5.12131250000001,0.546208381652832,-0.0015125759109312,3.50955246288804,0.000401515151515153,-0.438261363636366,0.74376654624939,0.00034944331983803,-0.325418690958112
"46","GUTACH ELZ","ELZ",7.990062,48.119069,-0.0279054054054054,57.6262162162162,0.177507728338242,-0.0212935790876728,44.3871700643687,0.00196428571428574,-0.185178571428614,0.880898892879486,-0.00893606178986911,21.5372487138402,-0.0150446428571428,34.0984375,0.279615342617035,-0.0102537955465601,25.0895462213253,-0.0356818181818182,73.8777272727273,0.0269214194267988,-0.0348924595141706,72.3619382591105,-0.0131250000000001,28.2212500000001,0.37884122133255,-0.00916920546558664,20.3998628542502
"47","OHRNBERG","OHRN",9.456837,49.249141,-0.00128051839464883,2.88749247491639,0.377138197422028,-0.00245287686771485,5.25019611332743,0.000874852941176471,-1.22676963235294,0.816214799880981,0.00144110341860282,-2.30032750202088,-0.00836413043478261,17.659402173913,0.107681430876255,-0.00934039555750095,19.6515584172232,-0.0053125,11.130375,0.0346795842051506,-0.00672841599190314,14.0055114709858,-0.00226724137931034,4.89760775862069,0.237301290035248,-0.00354139676113383,7.4770050607292
"48","PFORZHEIM","WURM",8.698923,48.884361,-0.00872916666666666,18.6961041666667,0.0252341739833355,-0.00858211032388684,18.413891742578,-0.00499999999999997,11.4199999999999,0.365371525287628,0.000563537449392549,0.504001459177116,-0.0169318181818182,36.1760227272727,0.144746616482735,-0.0146718117408919,31.7025657894761,-0.0203571428571428,42.5630357142857,0.0193678364157677,-0.0221161690283413,46.1155656207853,-0.00999999999999998,21.34125,0.0664319172501564,-0.00992272267206538,21.2462786774641
"49","SCHAFHAUSEN","WURM",8.897686,48.724098,-0.00433333333333334,9.47583333333334,0.306985795497894,-0.00341242653684633,7.66284824581037,-0.00121180555555556,3.39775347222222,0.687462568283081,0.000998254048582902,-0.957256637989017,-0.00937500000000002,20.22,0.257856726646423,-0.0100136386639683,21.547828609988,-0.0154545454545455,32.1739772727273,0.00828815717250109,-0.0132241649797581,27.7100895749007,-0.00669196428571429,14.2747209821429,0.0700512751936913,-0.00523754668487775,11.4297798620281
"50","DENKENDORF","KORSCH",9.318533,48.695677,-0.00139903846153846,3.29800961538462,0.0346795842051506,-0.00167608805668022,3.87702246120119,-9.37500000000036e-05,0.809312500000007,1,0.00121105769230766,-1.72725368589738,-0.000955357142857145,2.67348214285715,0.406682550907135,-0.0025812500000004,6.00147435897516,-0.00405729166666667,8.736078125,0.0346795842051506,-0.00469481275303678,10.0479107624838,-0.002328125,5.177765625,0.0128017580136657,-0.00162201417004063,3.79540975033767
"51","ALTENSTEIG","NAGOLD",8.603951,48.586485,-0.00547596153846154,11.7622427884615,0.0789015591144562,-0.00557050344330923,11.9691402501464,-0.00823863636363636,17.5903409090909,0.15911528468132,-0.00736670040485855,15.9837552631584,-0.00696428571428569,15.2776785714285,0.546208381652832,-0.00870680668016256,18.949799257761,-0.00427083333333333,9.5380625,0.144746616482735,-0.00657834008097203,14.1678532388671,-0.00463020833333333,10.1291692708333,0.186425775289536,-0.00520028159742559,11.3018604447049
"52","MURR","MURR",9.261206,48.959297,-0.0124264705882353,26.7505147058823,0.131393730640411,-0.0138084514170042,29.5157866902838,-0.00437499999999999,11.200625,0.762861132621765,-0.00540005060728776,13.4885473178144,-0.0271875,57.7609375000001,0.0528587177395821,-0.0281806680161957,59.9789321862376,-0.0293421052631579,61.1527631578947,0.00182186393067241,-0.0315948886639686,65.815226045886,-0.0109,23.8288,0.182655915617943,-0.0132221659919034,28.454492240217
"53","OPPENWEILER","MURR",9.458716,48.984121,-0.00291015625,6.52174218750001,0.279615342617035,-0.00358744939271256,7.88835941295549,0.000210937500000001,0.622718749999998,0.919887661933899,-0.000721634615384723,2.5202623397438,-0.00484374999999999,11.03109375,0.290949881076813,-0.00588279352226765,13.2552601214584,-0.0088625,18.687925,0.00960282888263464,-0.00919703947368457,19.376716767882,-0.0026625,6.063075,0.421049416065216,-0.00303071862348182,6.80755904183544
"54","MITTELROT","FICHTENBERGER ROT",9.740556,48.985379,-0.00166666666666667,3.71554166666667,0.339342653751373,-0.00191816801619437,4.22937940283408,-0.00240234375,5.45562109375,0.435709893703461,-0.00312510121457503,6.94626963562779,-0.007125,15.06825,0.0147300250828266,-0.00849192813765228,17.93009665992,-0.00355681818181818,7.65496590909091,0.0528587177395821,-0.00421538461538479,8.96378846153881,-0.00134375,3.09709375,0.314534664154053,-0.00145964068825917,3.32948329959527
"55","SCHWABSBERG","JAGST",10.139614,48.932547,-0.00012202380952381,0.440053571428572,0.55319607257843,-0.000461541381105245,1.12706430554353,0.00473214285714286,-8.88428571428572,0.174538016319275,0.00550344129554651,-10.3975682523616,-0.00410383064516129,8.70983064516129,0.146280556917191,-0.0037258594727904,8.04860534118614,-0.00127777777777778,2.8025,0.281904578208923,-0.0028829270166811,6.03162064111878,0.000422794117647059,-0.628555147058824,0.979940235614777,0.000345242914979673,-0.451476214574731
"56","UNTERGRIESHEIM","JAGST",9.219941,49.268549,-0.0125,29.22375,0.724828243255615,-0.0144911437246966,33.3376360492582,-0.0158712121212121,38.28125,0.650845050811768,-0.0218914473684216,50.9232789305004,-0.0958333333333338,202.515000000001,0.119016230106354,-0.0901358805668053,192.546889338739,-0.0497083333333333,105.330958333333,0.0702408701181412,-0.0579344635627549,122.278093792177,-0.00883333333333335,22.0141666666667,0.6690554022789,-0.0131414473684216,30.8058114035099
"57","NEUSTADT","REMS",9.315816,48.84736,-0.0216666666666667,45.4145833333333,0.0305898506194353,-0.0189367408906884,40.0866924763836,-0.000166666666666663,3.36641666666666,0.959893226623535,0.00227985829959509,-1.40448802294188,-0.0202586206896552,43.8546120689655,0.131393730640411,-0.0228914473684224,49.3947537112038,-0.02385,50.64555,0.151801511645317,-0.0285053137651829,60.061364709853,-0.0178125,37.8521874999999,0.131393730640411,-0.0101961032388666,22.8107962213229
"58","PLOCHINGEN","FILS",9.418433,48.712581,0.00430147058823529,-6.70132352941176,1,0.00749445850202389,-12.8460411352894,0.00444444444444445,-5.40666666666668,0.899954319000244,0.00819534412955378,-12.7014993252344,-0.0199038461538462,44.2180769230769,0.217931687831879,-0.0201718117408942,45.2211875843524,-0.0219230769230769,46.8825961538462,0.097016803920269,-0.0228962550607315,48.9975742240272,0.0056547619047619,-9.0947619047619,1,0.00805164473684104,-13.7135170377847
"59","GEISLINGEN FILS","FILS",9.83928,48.622759,-0.002425,5.21835,0.352204918861389,-0.00229109311740896,5.00928937246974,0.0015,-2.036625,0.919887661933899,-0.000291548582996079,1.51910048920403,-0.00576923076923077,12.7261538461539,0.268584728240967,-0.00600523785425149,13.228991734144,-0.00818125,17.02548125,0.0193678364157677,-0.010578087044535,21.8794369095829,6.25000000000024e-05,0.290062499999995,0.919887661933899,0.000933653846153782,-1.36006089743577
"60","OBERENSINGEN","AICH",9.39,48.67,-0.000546428571428572,1.48716785714286,0.979940176010132,-0.00136401821862348,3.14013716261808,-0.000843750000000004,2.22943750000001,0.820972561836243,0.000231401821862353,0.116094424763822,-0.00333552631578947,7.37392105263157,0.481416165828705,-0.00311204453441317,6.97059227395456,-0.003675,7.87775,0.125085681676865,-0.00459046052631597,9.73647874493964,-0.000520833333333335,1.45704166666667,0.919887661933899,-0.00102737854251012,2.4872282388664
"61","BAD ROTENFELS","MURG",8.297143,48.818715,-0.0392857142857143,82.03,0.0528587177395821,-0.0400285931174093,83.6525422570859,-0.0375892857142857,82.2459821428571,0.339342653751373,-0.03275,72.2345256410256,-0.07675,161.0425,0.0827544629573822,-0.0846852226720686,177.517432523625,-0.0647115384615384,134.353557692308,0.00713690929114819,-0.0708965080971687,146.763785425107,-0.0307758620689655,65.3935775862069,0.15911528468132,-0.0276022267206485,59.1130752361688
"62","GUTACH GUTACH","GUTACH",8.212933,48.24,-0.0102258064516129,21.0288185483871,0.00221814098767936,-0.0106305164349086,21.8632354001956,-0.012320652173913,25.9332717391304,0.141029208898544,-0.0116503673239675,24.6597102677659,-0.00194444444444445,5.40527777777779,0.540623068809509,-0.00367463043699306,8.88978033562529,-0.0164625,33.79035,0.000965781975537539,-0.0199399001709466,40.8019806963058,-0.00900735294117647,18.6642573529412,0.117598026990891,-0.00764100440006259,15.9652742605367
"63","OBERWOLFACH","WOLFACH",8.217126,48.317024,-0.0182083333333333,37.0195833333333,0.00442314893007278,-0.0164174943873735,33.4586797911426,-0.0222314814814815,45.9518888888889,0.0347517989575863,-0.0181201572150478,37.6784300954521,-0.0313586956521739,64.3754347826087,0.00150525546632707,-0.0355933644325977,72.9785297505725,-0.028475,57.8988,5.74592049815692e-05,-0.0297946356275313,60.5559892037806,-0.0169166666666667,34.5704583333333,0.00118049490265548,-0.0145345647773284,29.7913539136312
"64","ZELL","WIESE",7.845408,47.699494,-0.00749999999999999,16.40125,0.650845050811768,-0.00637965587044516,14.1288519568148,0.00762499999999999,-12.181875,0.979940235614777,-0.00581928137651885,14.6189870614048,0.00374999999999999,-3.99249999999999,0.801475405693054,0.00332085020242943,-2.83926450742297,-0.014375,30.559375,0.279615342617035,-0.0151277580971654,32.2198110661256,-0.000871093750000003,3.25154296875001,0.782101154327393,0.0004160931174096,0.655599021591056
"65","KEMMERN","MAIN",10.873488,49.951163,-0.0868333333333333,183.926916666667,0.186425775289536,-0.114972867514126,240.325905877902,-0.025,68.1,0.840580940246582,-0.0207500000000016,62.269121794875,-0.235526315789474,497.216447368421,0.0277886427938938,-0.263965080971671,555.436892712573,-0.159239130434783,331.441847826087,0.00523375160992146,-0.195297954366417,404.26909780588,-0.0812037037037037,173.557962962963,0.174538046121597,-0.0757811234817829,163.058304655874
"66","BAYREUTH","ROTER MAIN",11.578935,49.947823,0.00285714285714286,-5.013125,0.14002513885498,-0.000124830076466033,0.994793075616856,0.016875,-32.38875,0.0163220167160034,0.0213482561406626,-41.2004185428781,-0.0173076923076923,36.3879807692308,0.232842087745667,-0.0155714699740509,33.1176123190079,-0.00353448275862069,7.98907327586206,0.47035139799118,-0.00661284011117613,14.1988103423054,0.00118131868131868,-1.57174450549451,0.90954577922821,4.194102010692e-05,0.742207153613818
"67","RASCH","SCHWARZACH",11.38,49.366979,-0.000687500000000002,2.01228125,0.539915800094604,-0.0014143215603376,3.5041914710484,0.00374999999999999,-6.50499999999999,0.314534664154053,0.00216794028340107,-3.19247865215976,-0.00947916666666667,20.3989583333333,0.217931687831879,-0.00831933198380567,18.1149139676113,-0.00427083333333333,9.33072916666665,0.692838490009308,-0.00720968310956708,15.2682493872167,-0.00158333333333333,3.82058333333333,0.558078169822693,-0.00179513272957063,4.30524855765698
"68","COCHEM","MOSELLE RIVER",7.168276,50.143351,-0.935326086956522,1934.94130434783,0.000179370821570046,-1.01640941295548,2098.64857034416,-2.13636363636364,4400.5,0.0128017580136657,-2.15417763157898,4452.64499578279,-2.24519230769231,4660.125,0.0664319172501564,-2.23820597165999,4662.24399460204,-1.7359375,3558.925,0.000988291227258742,-1.7516852226721,3595.62300944676,-0.8435,1753.3405,0.00118049490265548,-0.91296811740894,1895.21604251019
"69","TRIER UP","MOSELLE RIVER",6.626853,49.732189,-0.397727272727273,849.318181818182,0.19105039536953,-0.470673076923071,997.583814102552,-1.07407407407407,2277.74074074074,0.137945666909218,-1.03767712550609,2204.40631747642,-1.16176470588235,2482.22794117647,0.217931687831879,-1.13456477732796,2430.83147773284,-0.920673076923077,1908.80288461538,0.0346795842051506,-0.872596153846138,1822.33974358971,-0.3125,683.5,0.529614090919495,-0.36156376518217,782.044197031008
"70","PERL","MOSELLE RIVER",6.369035,49.472575,-0.375,773.5,0.0207099672406912,-0.372646761133605,769.658054993256,-0.628787878787879,1313.59090909091,0.15911528468132,-0.722393724696371,1509.18044028343,-0.775,1625.275,0.174538046121597,-0.868041497975738,1820.17273954122,-0.630434782608696,1293.27173913043,0.00198352220468223,-0.723329959514178,1482.26248313092,-0.272321428571429,569.258928571429,0.131393730640411,-0.269053643724697,564.47267206478
"71","FREMERSDORF","SAAR RIVER",6.648422,49.408927,-0.272115384615385,561.952884615385,0.000218902219785377,-0.260447368421054,539.358648448046,-0.402403846153846,834.289423076923,0.0252341739833355,-0.407988360323891,849.977386133612,-0.36491935483871,768.544758064516,0.0783965140581131,-0.342914979757093,727.118100539827,-0.332954545454546,687.007954545455,7.61978208174696e-06,-0.34605263157895,714.52353238867,-0.259166666666667,536.7925,0.000753674074076116,-0.255098178137655,529.341228070183
"72","INTSCHEDE","WESER",9.125,52.964,-0.825,1768.1,0.0627947747707367,-0.960673076923061,2039.43612179484,-0.777777777777778,1711.56944444444,0.339342653751373,-0.673142712550618,1526.6311926451,-2.88690476190476,6021.35119047619,0.0111003182828426,-2.92732793522274,6118.94433198394,-1.41875,2977.025,0.0193678364157677,-1.74977732793515,3645.41170715236,-1.02272727272727,2166.35227272727,0.0593238435685635,-1.06813765182178,2265.54389338716
"73","AUHAMMER","EDER",8.623725,51.035299,-0.00617857142857143,13.2558035714286,0.580151200294495,-0.00781118421052587,16.591788006072,0.0100000000000002,-16.3975000000005,0.435709953308105,0.00756032388663987,-11.41291437247,-0.05,103.50875,0.00167239503934979,-0.0498383097166021,103.460786099871,-0.022265625,45.914453125,0.00486095435917377,-0.0269651821862339,55.4639188596473,-9.61538461538441e-05,1.1755,0.513279914855957,-0.00320207489878455,7.63866902833833
"74","KAEMMERZELL","FULDA",9.642059,50.599958,-0.0210625,43.4286875,0.0128017580136657,-0.0275927125506071,56.4989061066124,-0.0151923076923077,32.8535576923077,0.352204918861389,-0.0140404099190286,30.8108178896766,-0.035125,73.819875,0.102185882627964,-0.0358987854251018,75.6885644399472,-0.0403,82.46895,0.00234699132852256,-0.0460950657894738,94.0755322199732,-0.0155357142857143,32.4548928571429,0.0193678364157677,-0.0177185981781366,36.9548373819142
"75","HERFORD","WERRE",8.670932,52.133419,-0.0305603448275862,64.6891810344828,0.0325798019766808,-0.031485070850202,66.6715091936564,-0.0236764705882353,52.6369117647059,0.529614090919495,-0.0030450404858302,12.2907218286105,-0.0668103448275862,141.69349137931,0.0827544629573822,-0.0614870951417012,131.292780026992,-0.0435000000000001,91.4130000000001,0.0827544629573822,-0.0496467611336001,104.050605600534,-0.0302272727272727,64.0519318181818,0.0627947747707367,-0.0309268724696338,65.8348026315753
"76","DALUM","EMS RIVER",7.24852,52.595595,0.04765,-85.9928,0.0783965587615967,0.00752909919028666,-4.9237141531779,0.0210526315789475,-19.3269736842107,0.782101154327393,0.0257494939271223,-25.6695204115996,-0.201785714285714,433.339285714286,0.107571788132191,-0.18739676113361,404.788169703117,-0.0195833333333333,50.3020833333332,0.939871430397034,-0.0278777834008064,68.1691885964846,0.048173076923077,-86.9829807692309,0.174538016319275,0.00210855263158433,7.06472165990826
"77","RHEINE UNTERSCHLEUSE","EMS RIVER",7.434,52.288,-0.0952884615384615,196.36875,0.00277053331956267,-0.103804908906882,213.942583417677,-0.0796071428571428,175.330714285714,0.247429549694061,-0.0472368421052671,112.94067813766,-0.163541666666667,347.584375,0.0783965140581131,-0.166700910931179,354.83980263159,-0.124513888888889,257.053541666667,0.0157868787646294,-0.120944838056681,250.177400472336,-0.0707661290322581,147.980322580645,0.151801511645317,-0.0828709514170025,173.440140013492
"78","BIENENBUETTEL","ILMENAU",10.464,53.15,-0.01545,35.44515,0.450660526752472,-0.0161143724696351,37.1014446693646,-0.00518518518518517,17.3618981481481,0.959893226623535,0.00822849190283466,-9.27022967274085,-0.0352380952380952,78.301488095238,0.0664319172501564,-0.0344132085020248,76.7698464912291,-0.0235185185185185,52.2706944444444,0.268584728240967,-0.0276551113360316,60.5168893387299,-0.0146875,34.3381249999999,0.481416165828705,-0.010922317813764,26.9481292172716
"79","KLEIN BENGERSTORF","SCHAALE",10.8454,53.418912,-0.00421296296296296,9.39131018518519,0.352204918861389,-0.00496781376518216,10.9951212550607,-0.0104782608695652,22.6763695652174,0.513279914855957,-0.000564119433198093,2.99976769568094,-0.014264705882353,30.7988970588235,0.237301290035248,-0.0122011639676113,26.8450522941969,-0.0104166666666667,22.0392083333333,0.0392275042831898,-0.0100483805668017,21.3025720310393,-0.00296296296296297,7.04001388888889,0.880083918571472,0.000159615384615547,0.842999999999675
"80","NEU DARCHAU","ELBE RIVER",10.88881,53.232275,-1.875,4019.75,0.302589476108551,-2.11143724696354,4493.73100539806,-0.659722222222222,1722.01388888889,0.899954319000244,-2.44514170040479,5338.27095141686,-5.3125,11213.9375,0.0593238435685635,-5.77712550607285,12170.209345479,-2.35,5014.15,0.0664319172501564,-3.0867408906883,6502.33114035096,-1.83333333333333,3940.66666666667,0.450660526752472,-1.93474190283379,4172.50944669321
"81","DRESDEN","ELBE RIVER",13.738539,51.059736,-0.9025,1924.7875,0.131393730640411,-0.919369939271253,1959.39743168016,-0.234375,623.859375,0.820972561836243,-1.14630819838055,2472.65310138323,-2.42647058823529,5089.20588235294,0.0593238435685635,-2.37052125506077,4984.32456140358,-1.29166666666667,2714.8875,0.0103274378925562,-1.47254048583,3084.09571524974,-0.916666666666667,1954.41666666667,0.15911528468132,-0.945774291497915,2026.32871120096
"82","LUTHERSTADT WITTENBERG","ELBE RIVER",12.646719,51.861817,-0.927631578947368,1997.32894736842,0.546208381652832,-0.918248987854246,1980.44286774628,-0.259615384615385,709.596153846154,0.724828243255615,-1.61968623481779,3454.84893724692,-3.10416666666667,6491.875,0.0269214194267988,-3.15490890688263,6609.45242914988,-1.22794117647059,2613.72794117647,0.0627947747707367,-1.53029352226725,3230.34473684218,-1.02008928571429,2183.81919642857,0.314534664154053,-1.05712044534404,2273.72005735474
"83","BARBY","ELBE RIVER",11.882563,51.990129,-1.3125,2839.625,0.450660526752472,-1.48620951417002,3193.10910087716,-0.192307692307692,667.788461538462,0.840580940246582,-2.02517712550604,4374.7809969635,-3.78125,7980.8125,0.0236392170190811,-4.16842105263162,8774.1337719299,-2.11538461538462,4489.72115384615,0.0368939004838467,-2.40893218623486,5077.29065452101,-1.56818181818182,3354.60227272727,0.302589476108551,-1.66854757085007,3579.60475708475
"84","WITTENBERGE","ELBE RIVER",11.759765,52.990829,-1.76428571428571,3788.84285714286,0.615051329135895,-1.98221153846151,4231.89599358969,-1.08796296296296,2571.27314814815,1,-3.05174595141694,6539.94015688246,-5.74479166666667,12042.0052083333,0.0128017580136657,-6.72262145748989,14043.0441970311,-2.35,5006.95,0.137945666909218,-3.01194331983809,6341.82253711209,-1.890625,4041.390625,0.563056409358978,-2.1083248987852,4512.37415654476
"85","TANGERMUENDE","ELBE RIVER",11.978396,52.546603,-1.56944444444444,3356.95833333333,0.268584728240967,-1.72332995951416,3673.7506916329,-0.1375,577.8,0.840580940246582,-2.13674089068823,4615.05978407551,-3.80645161290323,8050.75403225807,0.0193678364157677,-4.11882591093122,8702.18707827271,-2.40217391304348,5073.23369565217,0.0193678364157677,-2.69392712550612,5659.12989203789,-2.01666666666667,4251.33333333333,0.19105039536953,-2.00721153846141,4264.08653846128
"86","AKEN","ELBE RIVER",12.059195,51.86316,-0.803571428571429,1771.91071428571,0.820972561836243,-0.863081983805664,1896.08934716598,0.0416666666666667,140.541666666667,0.687462568283081,-1.57866902834006,3411.41964406203,-2.73076923076923,5786,0.0627947747707367,-2.97401315789477,6294.24426450749,-1.3125,2815.1875,0.0469932667911053,-1.67001518218628,3539.53997975719,-1.15340909090909,2475.63636363636,0.326785802841187,-1.0894483805667,2366.15637651802
"87","MAGDEBURG-STROMBRUECKE","ELBE RIVER",11.644,52.135,-1.50446428571429,3227.54910714286,0.268584728240967,-1.65245445344128,3528.46158063425,-0.580357142857143,1449.40178571429,0.939871430397034,-2.29883603238863,4923.07835695001,-3.97321428571429,8364.09821428571,0.0392275042831898,-4.40222672064782,9249.64895411616,-2.15441176470588,4563.02941176471,0.0193678364157677,-2.58780364372474,5440.44382591103,-1.76470588235294,3749.53676470588,0.247429549694061,-1.89820344129542,4041.96136977033
"88","TORGAU","ELBE RIVER",13.010575,51.558968,-0.588235294117647,1310.30882352941,0.529614090919495,-0.626796558704447,1387.20093623481,-0.115740740740741,397.74537037037,0.687462568283081,-1.161487854251,2516.29498987852,-2.44791666666667,5147.80208333333,0.0742271840572357,-2.40865384615388,5079.13141025648,-0.984375,2114.78125,0.0469932667911053,-1.2586057692308,2672.20128205135,-0.708333333333333,1550.41666666667,0.435709893703461,-0.744673582995878,1635.92633265842
"89","CALBE-GRIZEHNE","SAALE",11.81252,51.921707,-0.584090909090909,1214.98409090909,0.0147300250828266,-0.641682692307685,1331.05575320511,-0.565277777777778,1189.69861111111,0.0442721731960773,-0.715612348178141,1501.50844298246,-1.23014705882353,2544.59191176471,0.00140674377325922,-1.24552631578949,2581.46929824565,-0.72202380952381,1497.3744047619,0.0128017580136657,-0.805690789473683,1667.48382253711,-0.469642857142856,989.11607142857,0.0252341739833355,-0.54177884615382,1136.94743589738
"90","HALLE TROTHA","SAALE",11.954869,51.59544,-0.216666666666667,473.491666666668,0.513279914855957,-0.266194331983802,572.518623481774,-0.258712121212121,566.470075757576,0.314534664154053,-0.361012145748991,778.568407557362,-0.780357142857143,1625.84285714286,0.0181023478507996,-0.89289979757087,1854.98004385969,-0.316666666666667,675.804166666667,0.302589476108551,-0.407651821862351,860.674156545216,-0.1875,416.125,0.650845050811768,-0.20963562753035,463.367408906853
"91","HOF","SAALE",11.914542,50.323928,-0.0095625,20.4169375,0.237301290035248,-0.00962036943319841,20.553608881579,0.00825000000000005,-14.4570000000001,0.450660467147827,0.0116928137651823,-20.8194475371123,-0.0321875,67.1790625,0.0287052113562822,-0.0319008097166006,67.045177125509,-0.0203333333333333,42.233,0.000753674074076116,-0.0296808451417018,61.1412640013524,-0.0125,26.44,0.0627947747707367,-0.0157543269230771,33.1577916666671
"92","LEIPZIG-THEKLA","PARTHE",12.432654,51.376276,-0.00307142857142857,6.44257142857143,0.580151200294495,-0.00434000506072859,8.99778229588363,-0.000775000000000003,1.98580000000001,0.820972561836243,-0.00207894736842086,4.66301130229381,-0.0015,3.650375,0.979940176010132,-0.00324587550607235,7.18172537111907,-0.00325,6.85175,0.421049416065216,-0.00534180161943287,11.0769718286093,-0.00171590909090909,3.75260227272727,0.782101154327393,-0.0029172823886636,6.18732759784003
"93","BOEHLEN 1","PLEISSE",12.38622,51.200614,-0.0440833333333333,91.0005833333333,0.365371525287628,-0.058351467611336,119.638718370445,-0.0524609375,108.9141015625,0.151801511645317,-0.0591730769230766,122.474032051281,-0.0358035714285714,76.3533035714286,0.352204918861389,-0.050073886639675,104.93293353576,-0.0485344827586207,100.447327586207,0.174538046121597,-0.0528944838056681,109.268679149798,-0.03875,80.54625,0.131393730640411,-0.0532345647773278,109.743200067476
"94","DOHNA","MUGLITZ",13.853698,50.953832,-0.00260416666666667,5.53564583333334,0.48726487159729,-0.00273407050330132,5.79570724480831,-0.0169583333333333,34.4815,0.00118049490265548,-0.0141263410931175,28.8453891784753,-0.0106105769230769,22.3557019230769,0.097016803920269,-0.00933985323886658,19.837376349528,0.0131739130434783,-25.7145923913044,0.378841161727905,0.0135798582995953,-26.4277326248316,-0.001,2.399125,0.795791864395142,-0.00297717524159842,6.4033843212403
"95","ELBERSDORF","WESENITZ",13.993832,51.022092,-0.005585,12.077635,0.615051329135895,-0.00558410931174067,12.084281950067,-0.000642857142857151,2.42753571428573,0.919887661933899,0.000333198380567062,0.652282591092596,-0.000446428571428578,2.42669642857144,0.706056833267212,-0.00198436234817749,5.6041702091755,-0.00657386363636364,14.2493977272727,0.563056409358978,-0.00560910931174061,12.3195231106607,-0.00598333333333333,12.9245166666667,0.650845050811768,-0.0074793016194323,15.991359649121
"96","GROSSDITTMANNSDORF","GROSSE RODER",13.77296,51.198328,0.000508928571428573,-0.261044642857146,0.632840633392334,-0.000421786437246586,1.59977288292772,0.00894230769230769,-16.5923076923077,0.125085711479187,0.00789190283400857,-14.3924009446703,-0.00317307692307692,8.00586538461539,0.6690554022789,-0.00290703441295558,7.5349053643727,0.000826923076923076,-0.688153846153843,0.669055461883545,-0.000513233805667383,2.02424966261682,-0.00248611111111111,5.79197222222223,0.959893226623535,-0.0016032894736836,4.10012702429027
"97","RATHENOW UP","HAVEL",12.346825,52.609013,-0.146988636363636,308.317443181818,0.513279914855957,-0.153202935222668,323.76683417678,-0.255078125,569.036328125,0.880083918571472,-0.202331224696339,468.940022014135,-0.925,1925.4875,0.15911528468132,-1.15837297570849,2397.23761808364,-0.254076086956522,529.677989130435,0.137945666909218,-0.274132085020244,570.077439271257,-0.146551724137931,310.780172413793,0.74376654624939,-0.156151821862294,338.576848852793
"98","KETZIN","HAVEL",12.845305,52.478085,-0.369722222222222,749.294722222222,0.0620326139032841,-0.497044155994897,1005.89055787991,-0.417578125,878.875390625,0.481416165828705,-0.377560728744934,803.194858299586,-0.921875,1897.45625,0.0269214194267988,-0.968827429149796,1994.64723009446,-0.527013888888889,1069.09715277778,0.00486095435917377,-0.603591169028337,1222.59882203103,-0.301041666666667,615.8678125,0.246955454349518,-0.337253717120885,693.436137406586
"99","BRANDENBURG-WILHELMSDORF","TEMNITZ",12.505328,52.372173,-0.00357954545454545,7.45352272727272,0.421049416065216,-0.00556189271255052,11.448294045209,-0.01125,23.71625,0.0498536936938763,-0.0149509868421054,31.1022662871123,-0.0171964285714286,35.5128571428572,0.000571689393837005,-0.019080035425101,39.3154714912276,-0.0056875,11.750375,0.237301290035248,-0.00640624999999991,13.1955480769229,-0.0044125,9.16485,0.392612338066101,-0.00640351720647712,13.2709574898773
"100","BAD DUEBEN","VEREINIGTE MULDE",12.581,51.591,-0.0287499999999998,73.3612499999996,0.860288739204407,-0.0556027327935209,128.49723464912,0.140625,-257.053125,0.113180041313171,0.120495951417012,-211.613394062094,-0.0179999999999998,76.2049999999997,0.724828243255615,-0.0502353238866432,142.15430161944,-0.11640625,255.41640625,0.199725389480591,-0.134717864372476,292.638453103927,-0.120892857142857,258.965714285714,0.302589476108551,-0.115668016194321,251.350968286079
"101","BERLIN MUEHLENDAMM","SPREE",13.856,52.463,-0.00024999999999995,5.1042499999999,0.650845050811768,-0.0324167510121425,69.8405404014779,-0.1525,320.225,0.529614090919495,-0.179170293522259,378.492506494586,-0.335714285714286,691.317857142857,0.097016803920269,-0.374074392712551,769.395291835359,-0.00669117647058821,18.390294117647,0.899954319000244,-0.0366578947368358,78.8859176787999,0.000347222222222252,4.5493055555555,0.435709953308105,-0.0820888157894441,172.744426450683
"102","WECHSELBURG 1","ZWICKAUER MULDE",12.77255,51.006826,-0.0550961538461539,118.805576923077,0.268584728240967,-0.0450827429149789,98.6006274460171,0.0279891304347826,-44.5558695652174,0.314534664154053,0.0327411437247004,-52.7136168184967,0.0185185185185185,-21.8763888888889,0.597485423088074,-0.00277327935222343,22.4120074223956,-0.0964903846153846,203.198701923077,0.00892389286309481,-0.105585526315793,222.420283400817,-0.0636029411764705,136.166323529412,0.131393730640411,-0.0773565283400721,164.341614372452
"103","ZWICKAU-POELBITZ","ZWICKAUER MULDE",12.493608,50.740902,0.0273076923076923,-50.9275961538462,0.0742272138595581,0.0240680668016212,-44.303411690287,0.06578125,-126.11125,0.0392274856567383,0.0656146255060759,-125.110687668697,0.0320833333333332,-56.3149999999997,0.40668249130249,0.0213977732793548,-34.2454183535815,-0.00761363636363638,19.9935227272728,0.860288739204407,-0.0132338056680158,31.8823869770572,0.00458333333333331,-4.93958333333329,0.563056468963623,-0.00830921052630668,21.3402159244082
"104","GOERITZHAIN","CHEMNITZ",12.780036,50.980887,-0.0466964285714286,95.5291964285714,8.29963937576395e-07,-0.047632363360324,97.430334741903,-0.0336805555555555,70.3189583333333,0.0742271840572357,-0.0258965080971652,55.1198760964896,-0.045375,94.850875,0.00128904485609382,-0.047946356275305,100.152456140354,-0.0624903846153846,127.663413461538,8.29963937576395e-07,-0.0654084261133618,133.63166312416,-0.050625,103.545,5.16232976224273e-05,-0.0493157894736843,101.110200742241
"105","AUE 1","SCHWARZWASSER",12.715356,50.59635,-0.0095,20.6445,0.208684682846069,-0.0110824392712548,23.7997512314435,0.00476851851851852,-7.14583333333334,0.497212171554565,0.00785328947368504,-13.0699500168708,-0.0032,9.68270000000001,0.762861132621765,-0.00188841093117334,7.4034564777313,-0.0243055555555556,50.6959722222222,0.00449370034039021,-0.0272135627530374,56.8180549932543,-0.013125,28.111875,0.257856726646423,-0.0146004554655853,31.2331224696321
"106","STRECKEWALDE","PRESSNITZ",13.07852,50.631093,-0.00928378378378378,19.1324256756757,0.00300750811584294,-0.00975359311740877,20.1047948211873,-0.00392241379310345,8.79116379310345,0.801475405693054,-0.00688699392712528,14.761046373144,-0.0131125,27.5016875,0.0560136325657368,-0.0127275556680161,26.7376497975707,-0.0173273809523809,35.4257976190476,2.99465464195237e-05,-0.0186298329959518,38.1353390688267,-0.01275,26.11525,0.000266507006017491,-0.0139574898785423,28.6193900134948
"107","BOXBERG","SCHWARZER SCHOPS",14.574671,51.405506,-0.0236184210526315,50.4696052631578,0.465897381305695,-0.0252651821862355,53.6714773954129,-0.0340384615384616,72.4356730769231,0.0252341739833355,-0.0250541497975722,54.6264505735519,-0.03296875,70.255625,0.174538046121597,-0.0367575910931187,77.7486757759811,-0.0198214285714286,42.9398214285714,0.580151200294495,-0.0215976720647784,46.4643505398132,-0.0295394736842105,62.8331578947368,0.37884122133255,-0.0294035931174051,62.6927952091692
"108","FRIDINGEN","BARA",8.87708,47.785485,0.001578125,-2.8440625,0.546208381652832,0.00181649797570851,-3.30275958164644,0.00425595238095239,-7.90766071428572,0.339342594146729,0.00373646255060732,-6.87632325404865,0.000312500000000021,0.0771249999999579,0.724828243255615,-0.000447317813765326,1.66090165317168,-0.00117592592592593,2.83974537037037,0.580151200294495,-0.00213681680161958,4.83461437246993,0.00351923076923077,-6.70622115384615,0.137945652008057,0.00395878036437253,-7.54078829284763
"109","LAUCHERTHAL","LAUCHERT",9.275496,48.083736,-0.00566666666666668,13.0219166666667,0.513279914855957,-0.00273633603238879,7.21855752361698,-0.00140151515151516,4.9159090909091,0.801475405693054,0.00290156882591075,-3.4865501855597,-0.00714285714285712,17.3517857142857,0.880083918571472,-0.0128674089068831,29.1683114035098,-0.0171875,37.160625,0.125085681676865,-0.0201290485829974,43.1954369095845,0.00212962962962963,-2.31212962962962,0.919887661933899,0.00131907894736803,-0.639792510120674
"110","NIEDERKIRCH","RISS",9.831213,48.238604,0.000416666666666658,1.96666666666668,0.979940235614777,-0.000461032388663913,3.67038579622121,-0.000700000000000003,4.56850000000001,0.979940176010132,-0.00371027327935235,10.6985350033741,-0.00129166666666668,5.87375000000002,0.580151200294495,-0.00237778340081007,8.18848346828681,-0.00266666666666667,8.32233333333334,0.860288739204407,-0.0046141194331985,12.298879892038,0.00208333333333334,-1.19666666666668,0.801475405693054,0.0033934716599191,-3.83841767881256
"111","ACHSTETTEN","BAIERZER ROT",9.898501,48.260693,-0.00808823529411765,18.0522794117647,0.269900143146515,-0.00632354326216709,14.5713415388921,-0.00284090909090909,7.83920454545455,0.94570255279541,-0.00267788427901773,7.57772895823136,-0.00603260869565219,14.246847826087,0.314534664154053,-0.00516346153846174,12.6213782051286,-0.00874999999999989,19.6287499999998,0.15911528468132,-0.00816751012145773,18.5243151147103,-0.005,12.12375,0.6690554022789,-0.0036533400809714,9.39639170040434
"112","HARBURG","WORNITZ",10.692384,48.783235,-0.0365178571428571,75.3471428571429,0.0325798019766808,-0.0385310981781378,79.5000658991232,-0.0153472222222222,35.5511805555556,0.435709893703461,-0.0328093623481793,70.7304409750362,-0.0578409090909091,121.133863636364,0.0236392170190811,-0.0533927125506109,113.086258434555,-0.0306944444444445,64.2875,0.0207099672406912,-0.0456629554655877,94.6401417004062,-0.0221120689655172,47.1216379310345,0.326785802841187,-0.0239833755060731,50.8790426788129
"113","KEMPTEN","ILLER",10.316864,47.730411,0.0375,-63.8249999999999,0.199725389480591,0.0231007085020259,-34.9947906545241,0.0725806451612903,-131.867338709677,0.144746661186218,0.040838309716601,-68.4631208670752,0.0584558823529412,-103.070588235294,0.421049356460571,0.0574767206477736,-99.9062297570857,-0.297916666666667,622.595833333333,0.0252341739833355,-0.297368421052641,621.687803643743,0.0164473684210526,-18.0618421052632,0.546208381652832,-0.0105096153846034,36.8883012820272
"114","WIBLINGEN","ILLER",9.987702,48.370895,0.0394791666666667,-69.2911458333333,0.314534664154053,0.037758603238869,-65.224351720653,0.0284868421052631,-46.8510526315789,0.48141622543335,-0.0086771255060723,30.3118879892026,0.0645833333333334,-112.885416666667,0.61505126953125,0.0783436234817832,-138.649907219977,-0.266964285714286,560.658035714286,0.0827544629573822,-0.283718623481789,595.463464912296,0.113928571428571,-214.423928571429,0.07024085521698,0.0582844129554767,-101.135204116082
"115","LAUBEN","AITRACH",10.037521,47.876632,-0.018287037037037,38.2014814814815,0.0159132871776819,-0.017664694351274,37.1316304365937,-0.0151923076923077,32.608701923077,0.177507728338242,-0.0165879128812281,35.6118765132504,-0.02025,43.21125,0.166692614555359,-0.0268714574898802,56.7252867746322,-0.019,40.265,0.0221324749290943,-0.0209099190283416,44.3861842105293,-0.00576086956521739,13.6883152173913,0.632840692996979,-0.00460779352226713,11.405426788124
"116","INGOLSTADT","DANUBE RIVER",11.422,48.754,-0.893518518518518,1929.77777777778,0.0442721731960773,-0.866047570850202,1875.93710695007,-0.3125,794.9375,0.615051329135895,-0.483274291497981,1141.1486420378,-0.25,696,0.840580940246582,-0.217459514170014,648.790823211824,-1.81034482758621,3824.09913793103,0.0111003182828426,-1.91842105263167,4050.02479757103,-0.640909090909091,1443.24318181818,0.19105039536953,-0.647499999999982,1455.02852564099
"117","DILLINGEN","DANUBE RIVER",10.50053,48.568397,-0.45625,984.487499999999,0.0873067304491997,-0.421189271255061,916.289084008098,-0.241071428571429,566.308928571429,0.563056409358978,-0.342879554655877,775.96110155197,-0.2,502.025,0.762861132621765,-0.181695344129547,474.33107287448,-0.785775862068965,1671.3474137931,0.0528587177395821,-0.959028340081011,2023.99930836715,-0.316346153846154,716.553846153846,0.247429549694061,-0.315425101214572,713.131292172734
"118","AUGSBURG BELOW","LECH",10.888009,48.406968,0.0125000000000002,30.0749999999996,0.692838490009308,0.000790675906004667,53.5154746570175,0.153703703703703,-245.114814814814,0.26990008354187,0.156518483332868,-251.095638254772,0.196875,-326.809375,0.268584728240967,0.173603238866399,-278.04493927126,-0.3685,819.001499999999,0.352204918861389,-0.399784919028356,885.988107287481,0.0458333333333331,-29.2833333333328,0.597485423088074,0.0342130566801815,-3.77963900138857
"119","LECHBRUCK","LECH",10.799034,47.696642,0.273557692307692,-519.617307692308,0.00153422355651855,0.26044028340081,-492.602818825911,0.12,-208.139999999999,0.191050410270691,0.147279858299599,-263.186795715257,0.307386363636364,-582.173863636364,0.00486099720001221,0.300412449392709,-568.471693657214,-0.0921874999999999,236.059375,0.801475405693054,-0.10233805668016,258.530280026987,0.184375000000001,-332.175000000002,0.0169098377227783,0.159233299595163,-281.170765856992
"120","LANDSBERG","LECH",10.875078,48.041521,-0.076736111111111,188.310069444444,0.302589476108551,-0.0672722672064796,169.030467273958,-0.128571428571429,295.710714285716,0.208684682846069,-0.114175101214577,266.561027327939,0.0579545454545457,-74.5965909090914,0.706056833267212,0.048403340080968,-56.4957827260385,-0.345588235294118,749.569852941176,0.182655915617943,-0.322047064777339,706.034514170062,-0.158333333333334,360.033333333334,0.144746616482735,-0.174944331983802,393.487061403502
"121","EICHSTAETT","ALTMUHL",11.196753,48.888543,-0.0496590909090909,102.317727272727,0.00217887479811907,-0.0534625164156585,110.100269321579,-0.06,124.42875,0.00960282888263464,-0.0781432186234835,161.393197874498,-0.08390625,174.25359375,0.0119241550564766,-0.0806938259109348,168.562747975716,-0.0548611111111111,113.945833333333,0.000753674074076116,-0.0633390688259131,131.087047908237,-0.0388235294117647,80.9572058823529,0.00856785196810961,-0.0426225376512336,88.7427243007628
"122","TREUCHTLINGEN","ALTMUHL",10.913473,48.953204,-0.0113942307692308,24.1037019230769,0.409956872463226,-0.0110646679067732,23.5301730222126,-0.015,32.64375,0.314534664154053,-0.024116396761134,50.9557604588402,-0.0277083333333333,58.6785416666667,0.00769325206056237,-0.0242732793522288,51.9636740890731,-0.012375,26.5613125,0.353096127510071,-0.016398402451034,34.6731451745267,-0.00979166666666666,21.0379166666667,0.481416165828705,-0.00739582489878545,16.3183581309042
"123","WERTACH","WERTACH",10.41,47.59,-0.00426724137931034,8.84476293103448,0.406044483184814,-0.00364755963479534,7.58493201222453,-0.00478448275862069,9.93428879310344,0.0424060262739658,-0.00273978741732741,5.85875408970868,0.00063486842105263,-0.840371710526313,0.632840633392334,9.48886639676745e-05,0.267770748987728,-0.007125,14.79,0.0157868787646294,-0.00714187753036446,14.8367967273956,-0.00283333333333334,6.08233333333334,0.724828243255615,-0.00223410931174067,4.90673464912237
"124","BIESSENHOFEN","WERTACH",10.640759,47.82952,-0.01885,40.70525,0.290949881076813,-0.0211735829959513,45.2030116396758,-0.00645833333333331,16.7197916666666,0.762861132621765,-0.0101358805668018,24.1631637145752,-0.0183455882352941,41.235919117647,0.687462568283081,-0.0191553643724701,43.453036437248,-0.0590625,122.37,0.0128017580136657,-0.0589622975708524,122.525075910936,-0.00568181818181818,14.9995454545454,0.979940235614777,-0.00615890688258975,16.4077817138975
"125","TRAUCHGAU","TRAUCHGAUER ACH",10.83,47.65,-0.000537499999999999,1.2463625,0.704474329948425,-0.00080513458802932,1.77920950049239,0.000464285714285715,-0.718678571428572,0.182655930519104,-0.000282464574898784,0.778765274966259,-0.00028125,0.80309375,0.820972561836243,-0.000256806680161981,0.767629385964987,-0.00394117647058823,8.18013235294118,0.00326283602043986,-0.0033473431174091,7.00018623481819,0.000392045454545454,-0.570423295454545,0.521610260009766,0.000529311193784901,-0.810262337236068
"126","OBERAMMERGAU","AMMER",11.06,47.6,-0.00375000000000002,8.85125000000004,0.632840692996979,-0.00154911437246949,4.44391360492549,-0.000583333333333336,2.68191666666667,0.650845050811768,0.0016978491902835,-1.80070886471005,0.00216216216216216,-2.78435810810811,0.580151200294495,0.00685726214574941,-12.1200467273963,-0.01535,33.41585,0.0111003182828426,-0.0122259615384618,27.2692948717954,0.0117857142857143,-21.39,0.0137360095977783,0.0132196356275312,-24.1719635627547
"127","HEITZENHOFEN","NAAB",11.936343,49.118264,-0.138564311594203,297.257336956522,0.952714920043945,-0.150870540579814,322.037477748309,-0.0010416666666669,29.1807291666671,0.653078556060791,-0.0873343048116313,204.643845084846,-0.385227272727272,808.562499999999,0.0324777662754059,-0.380357599013753,799.712237333132,-0.182608695652174,386.885326086956,0.102185882627964,-0.246996457489889,517.582658569523,-0.188888888888889,398.7375,0.247429549694061,-0.171675101214572,365.157253711195
"128","UNTERKOEBLITZ","NAAB",12.15395,49.535609,-0.0698611111111111,144.692777777778,0.0253197699785233,-0.0734303534303542,152.297271856879,-0.0712499999999999,152.08,0.302589476108551,-0.0743750000000004,159.007868589744,-0.247222222222222,507.441666666667,0.00215825228951871,-0.255438765182195,524.56237010798,-0.0701041666666667,146.678645833333,0.00661695096641779,-0.0975172064777374,201.900662955475,-0.0846527777777778,174.866423611111,0.045384980738163,-0.0749596509464929,156.243565488565
"129","TEISNACH","SCHWARZER REGEN",13.000042,49.042548,-0.0399166666666666,84.9655,0.929124355316162,-0.0502666743961824,105.59158503942,0.0125446428571428,-18.0383258928571,0.795791864395142,-0.0258618991890007,58.8208074712805,-0.00230263157894745,14.0559868421054,0.812508583068848,-0.00807059081977661,25.7764806040015,0.00201388888888888,2.66937500000001,0.801475405693054,-0.0105220141700407,27.9241244939276,-0.014375,34.7728125000001,0.816883563995361,-0.0343054742446826,74.3064993298347
"130","FURTH IM","CHAMB",12.841559,49.309549,-0.0101,21.129575,0.215159893035889,-0.00975786624381794,20.4740603320853,-0.0130104166666667,27.3608333333333,0.0827544629573822,-0.014007439271255,29.444624308367,-0.0247916666666667,51.4195833333333,0.00234699132852256,-0.0252673076923084,52.4453814102578,-0.010390625,21.945234375,0.236010432243347,-0.0110505001536785,23.3067764257174,-0.0136979166666667,28.4280729166667,0.0169098563492298,-0.0127527074898784,26.5521649797569
"131","SCHOENACH","GROSSE LABER",12.423123,48.911651,-0.00238095238095237,5.94744047619046,0.450660526752472,-0.00679511639676126,14.7470947284078,0.0064375,-11.12575,0.217931747436523,0.00495804655870477,-8.19045558367135,-0.01225,26.4865,0.102185882627964,-0.0104010627530368,22.709849865048,0.00608333333333334,-10.8458333333333,0.326785802841187,0.00409137145748985,-6.82759868421047,-0.000340909090909084,1.95238636363635,0.597485423088074,-0.00449076417004068,10.2813328272609
"132","INKOFEN","AMPER",11.865229,48.460684,-0.154017857142857,333.267857142857,0.174538046121597,-0.165278340080974,356.494286437251,-0.0553571428571426,141.626785714285,0.762861132621765,-0.126791497975709,285.482165991904,-0.136111111111111,305.273611111111,0.339342653751373,-0.137307692307698,309.226602564115,-0.277272727272727,585.931818181818,0.00713690929114819,-0.272391194332,577.617645074256,-0.0558823529411766,142.716176470589,0.6690554022789,-0.0757692307692315,182.221474358976
"133","HOHENKAMMER","GLONN",11.524145,48.422706,-0.00203125000000001,5.69703125000001,0.762861132621765,-3.01113360321816e-05,1.67537204790782,-0.00650000000000001,15.09325,0.860288739204407,-0.00469863360323853,11.5715749831302,-0.00460227272727274,11.3608522727273,0.580151200294495,-0.00128542510121437,4.79533738191591,-0.0044,10.4618,0.650845050811768,-0.00450784412955456,10.797483130904,-0.00166666666666667,5.17166666666667,0.650845050811768,-0.0013646255060721,4.52096896086215
"134","APPOLDING","STROGEN",11.979419,48.413618,-0.00208928571428571,4.80141071428571,0.217931687831879,-0.00134779858299606,3.28969808535784,-0.00033125,1.443525,0.979940176010132,-0.00178464068825915,4.37644545377876,-0.0060625,13.0395625,0.0416852757334709,-0.00504795040485894,11.0418495276666,-0.00363333333333333,7.94538333333333,0.125085681676865,-0.00253805668016231,5.75549477058104,-0.003046875,6.74210937499999,0.092058964073658,-0.0032068066801623,7.06966464237588
"135","ROTTERSDORF","VILS",12.693803,48.606248,-0.0307291666666667,63.9166666666667,0.00525514967739582,-0.0320311740890692,66.5507368758442,-0.0179166666666667,39.1020833333333,0.0873067304491997,-0.0241811740890692,51.7905708502031,-0.0303125,64.2418749999999,0.00198352220468223,-0.0280976720647786,59.807074898788,-0.0305113636363636,63.6728977272727,0.000687755818944424,-0.0321938259109321,67.0898633603259,-0.0305625,63.7314375,0.00661695096641779,-0.0322386639676117,67.1581965249671
"136","VILSBIBURG","VILS",12.356043,48.45296,-0.0149375,30.984625,0.0303324274718761,-0.0150441232310752,31.2078733890528,-0.00855263157894736,18.6742763157895,0.247429549694061,-0.0108807692307694,23.3656192307695,-0.00540178571428571,12.4202678571428,0.302589476108551,-0.00185078441295526,5.34266818488487,-0.0150961538461538,31.5193269230769,0.0147300250828266,-0.0141988613360334,29.6957130566822,-0.0133333333333333,27.9295833333333,0.0743688941001892,-0.0165753277150905,34.4242598888347
"137","HOFKIRCHEN","DANUBE RIVER",13.115161,48.676623,-1.6875,3696.6875,0.0287052113562822,-1.58939777327935,3504.16768724695,-0.338235294117647,1048.25735294118,0.860288739204407,-1.31179149797572,3011.7391531714,-1.23897058823529,2925.60294117647,0.782101154327393,-1.04132085020241,2543.76990553302,-3.375,7151.25,0.00661695096641779,-3.59557186234835,7614.92577597876,-1.36979166666667,3094.27083333333,0.166692614555359,-1.40407388663963,3163.47149122797
"138","UNTERSCHMEIEN","SCHMIECHA",9.149755,48.091695,-0.00429017857142857,8.87315178571429,0.0159132871776819,-0.00433734960243469,9.00230961991849,-0.00409027777777778,8.72217361111111,0.279615342617035,-0.00304018218623489,6.64867354925791,-0.00444642857142858,9.61909821428574,0.902433335781097,-0.00491231106438686,10.6428554369818,-0.004625,9.743875,0.107571788132191,-0.00465078441295554,9.90460408232133,-0.002078125,4.518125,0.102185882627964,-0.00157560728744943,3.53246778002706
"139","HOERMANNSBERG","GAISSA",13.36914,48.62954,-0.0065625,13.9621875,0.119016230106354,-0.00605086032388683,12.9272306848857,-0.00277777777777778,6.8213888888889,0.314534664154053,-0.00898421052631631,19.3397349190294,-0.0264130434782609,54.7605434782609,0.000825420196633786,-0.0284534412955475,58.9264338731463,-0.0060375,13.1790125,0.0627947747707367,-0.00494273785425164,10.9881551956828,-0.010390625,21.683203125,0.0593238435685635,-0.00921778846153818,19.3501410256405
"140","KALTENECK","ILZ",13.451856,48.688859,-0.0328846153846154,70.7438461538462,0.15911528468132,-0.0407754048583002,86.5505727732805,-0.0184615384615384,43.5896153846153,0.481416165828705,-0.0508045040485843,108.842716413633,-0.0315625,73.004375,0.199725389480591,-0.0410587044534443,93.0334986504784,-0.00690476190476188,20.6845833333333,0.706056833267212,-0.00447039473684202,15.7202446018892,-0.0152083333333333,35.9843749999999,0.406682550907135,-0.0169223178137659,39.3819753711216
"141","TAFERLRUCK","GROSSE OHE",13.412422,48.938176,0.000431034482758621,-0.716810344827586,0.159115314483643,0.000554149797570877,-0.952328778677516,0.00110294117647059,-2.01308823529412,0.0469932556152344,0.00120394736842107,-2.19915873819166,0.00140625,-2.56446875000001,0.257856726646423,0.00156305668016191,-2.83935695006741,-6.25000000000014e-05,0.346562500000003,0.840580940246582,9.69635627530192e-05,0.0417395411606281,0.000416666666666666,-0.663749999999999,0.257856726646423,0.000520495951417055,-0.866344466936675
"142","ACHLEITEN","DANUBE RIVER",13.504361,48.5824,-1.64204545454545,3995.27272727273,0.465897381305695,-1.36295546558701,3445.30759109305,-0.197368421052632,1150.61184210526,0.820972561836243,-0.974342105263142,2734.98550944666,-0.99375,2828.09375,0.979940235614777,-0.832667004048579,2542.55516194331,-6.52777777777778,14284.3055555556,0.0119241550564766,-7.44592611336062,16119.6951754392,-0.05,949.825,0.880083918571472,-0.757211538461282,2375.26923076872
"143","OBERNDORF","DANUBE RIVER",12.014935,48.946957,-0.986111111111111,2141.30555555556,0.0993263497948647,-0.902951568618623,1974.35486395552,-0.08984375,376.96484375,0.838108539581299,-0.395067684655896,997.248299444123,-0.7578125,1746.7578125,0.762861132621765,-0.766877530364355,1780.69416329281,-2.25694444444444,4741.46527777778,0.00277053331956267,-2.5193572874495,5271.97739541182,-0.943965517241379,2070.25,0.102185882627964,-0.857889676113349,1897.15242914978
"144","PFELLING","DANUBE RIVER",12.747222,48.879753,-1.513671875,3243.498046875,0.154693707823753,-1.39758615074537,3008.74842461503,-0.50297619047619,1251.34821428571,0.882149875164032,-1.02969343361723,2325.47676326366,-1.39351851851852,3107.9837962963,0.306985795497894,-1.23385118332449,2803.47847802398,-2.77717391304348,5818.78260869565,0.00353776547126472,-3.02765688259123,6339.55414979785,-1.40086206896552,3026.38793103448,0.0252341739833355,-1.42211538461537,3075.02564102561
"145","LANDAU","ISAR",12.693681,48.67375,-0.338951923076923,772.024173076923,0.389889538288116,-0.322680611323334,742.238796117749,-0.269140625,641.405078125,0.269900143146515,-0.447607676758704,1003.90250880184,-0.197916666666667,507.75,0.820972561836243,-0.26667763157894,649.239237516854,-0.31875,763.05625,0.314534664154053,-0.388507085020273,908.144298245675,-0.00500000000000019,121.22,0.48726487159729,0.000822617300181201,111.382764991588
"146","LENGGRIES","ISAR",11.576158,47.682065,0.0254166666666666,-42.9570833333333,0.107571840286255,0.0265412449392726,-45.2192499156572,-0.00347222222222222,15.7154166666667,1,-0.00655996963562733,22.1178664811062,-0.0166666666666666,43.0041666666665,0.899954319000244,-0.0338147773279352,77.8878879892037,-0.00144230769230768,17.8038461538461,0.880083918571472,0.0244319331983783,-33.6908215249617,0.0740624999999999,-139.0715625,0.0627948045730591,0.0487325404858357,-87.2431578947484
"147","BAD TOELZ","ISAR",11.540251,47.779215,0.00837053571428576,-4.79921875000008,0.299404621124268,0.00720775879020317,-2.14548824644623,-0.0138157894736842,41.0092105263157,0.880083918571472,-0.0181161437246963,50.1026969466936,-0.0175,50.0149999999999,0.782101154327393,-0.0242869433198379,64.2499443319836,0.0218749999999999,-23.6374999999999,0.880898892879486,0.0421286666294112,-63.6725390483107,0.0505681818181819,-87.0295454545455,0.111015677452087,0.0367889021756989,-58.2577935267402
"148","MITTENWALD","ISAR",11.270803,47.443334,0.01195,-19.132775,0.838387012481689,0.00557396102918496,-6.52396240026068,0.0010972222222222,2.81875694444449,0.835586428642273,0.00634129123347453,-7.524456103196,0.00697241902834007,-9.23944838056677,0.358035206794739,0.000118595996820576,4.41651794746731,-0.0218245967741935,57.0069304435483,0.440783321857452,-0.0158723083315265,45.3462161283324,0.00628787878787877,-4.19439393939391,0.485610365867615,-0.00149091536338464,11.6939000689956
"149","KOCHEL","LOISACH",11.362965,47.665754,-0.0523437500000001,129.11796875,0.650845050811768,-0.0520774291497974,128.231627024291,-0.0642857142857142,155.435714285714,0.597485423088074,-0.0835551619433189,193.827089237515,-0.035,95.055,0.860288739204407,-0.0286538461538472,83.39871794872,-0.118,273.367,0.435709893703461,-0.161758603238875,363.025860323903,-0.075,181.4,0.392612338066101,-0.0698279352226652,171.894011470972
"150","GARMISCH UDP","LOISACH",11.0649,47.502472,-0.0135790441176471,29.7607058823529,0.423409581184387,-0.0168995639115117,36.4457555218624,-0.0222569444444445,47.5730555555556,0.111015655100346,-0.0209650451255973,44.9723626882562,-0.00855092592592593,19.8654583333333,0.458558738231659,-0.00692299139375039,16.8854163056663,-0.0507738095238095,111.258035714286,0.102185882627964,-0.0643815789473718,139.036875843462,-0.000785714285714282,6.79814285714285,0.840580940246582,-0.0175001518218586,40.504175438589
"151","PARTENKIRCHEN","PARTNACH",11.12,47.48,-0.00187,4.71757000000001,1,-0.00393868927125506,8.84816741734143,-0.00413461538461538,9.36990384615384,0.450660526752472,-0.00589511639676119,12.8934594719974,0.00308823529411765,-5.17125,0.151801466941833,0.00356948380566821,-6.06631056005438,0.0106944444444444,-17.3413888888888,1,0.00750607287449343,-10.9507034412946,0.00213541666666667,-2.10072916666667,0.268584728240967,0.000459767206479334,1.37972840755415
"152","BAD TOELZ","ELLBACH",11.57,47.77,-0.00264813218390805,5.72567183908046,0.255908608436584,-0.00217627863104538,4.77014527992681,-0.00189814814814815,4.25692592592593,0.632840692996979,-0.00227014170040484,5.01635941295542,-0.00175,3.9965,0.465897381305695,-0.00235923582995953,5.21600371120111,0,0.5325,0.880083918571472,-6.75354251012067e-05,0.663263157894721,-1.15740740740738e-05,0.55824074074074,0.394166469573975,-0.000163154083615984,0.858365638934396
"153","GAISSACH","GAISSACH",11.58,47.74,-0.00475240384615385,9.79079807692307,0.191371813416481,-0.00515581547243169,10.5859544020777,-0.00495357142857143,10.2531607142857,0.0593238435685635,-0.0053142206477733,10.9698834851552,-0.00352941176470588,7.47205882352941,0.102185882627964,-0.00273006072874501,5.91081056005412,-0.00328125,6.97871875,0.237301290035248,0.00017909919028338,0.114875337381957,-0.00322708333333333,6.81148749999999,0.147464379668236,-0.00354245988261952,7.45525351723562
"154","SYLVENSTEIN","SCHRONBACH",11.54,47.59,-0.000485555555555556,1.00163027777778,0.0073504988104105,-0.000498383434112036,1.02760735595748,-0.000633928571428572,1.311,0.00323694571852684,-0.000753975653285738,1.55404641758344,-0.000340909090909091,0.743352272727273,0.653078556060791,-0.000434951459061821,0.940221492470903,-0.000735,1.51074,0.00525514967739582,-0.000791346153846175,1.62975000000004,-0.000419117647058823,0.87572794117647,0.048264779150486,-0.000399358313166979,0.841758360772805
"155","EBERHARDSREUTH","MITTERNACHER OHE",13.358568,48.816254,-0.00264166666666666,5.86538333333333,0.268584728240967,-0.00332864372469641,7.2276318825912,-0.003453125,7.693859375,0.563056409358978,-0.00386771255060738,8.65208623481799,-0.0136640625,28.52165625,0.0119241550564766,-0.0134299089068832,28.1937408906895,-0.00408189655172414,8.939125,0.217931687831879,-0.00356432186234832,7.89310846828639,-0.00103125,2.68446875,0.435709893703461,-0.00238512145749003,5.41279099190314
"156","HUNDERSINGEN","DANUBE RIVER",9.396086,48.072465,-0.00587962962962964,18.1044444444445,0.724828243255615,0.00511766194332009,-3.49100750674814,-0.00644531249999999,22.496328125,0.497212111949921,-0.0371594129554681,85.2185895749038,-0.130357142857143,274.835714285715,0.237301290035248,-0.154341093117415,324.802474696368,-0.0744886363636363,159.048465909091,0.0827544629573822,-0.0785407388664021,167.743080296907,0.0155078125,-24.0316796875,0.669055461883545,0.0216546052631584,-35.9272233468296
"157","KIRCHEN-HAUSEN","DANUBE RIVER",8.68,47.93,-0.0174107142857143,37.4157142857143,0.513279914855957,-0.0171366396761132,36.9261747638324,-0.0183333333333333,41.3295833333333,0.632840692996979,-0.0218023785425106,48.5403906039146,-0.0198660714285714,46.4711607142857,0.497212111949921,-0.032567054655873,71.9782439271307,-0.0215625,46.941875,0.497212111949921,-0.0259015688259112,55.8403171390019,-0.0147916666666666,32.4625,0.513279914855957,-0.00761361336032344,18.1041177462879
"158","WASSERBURG","INN",12.234239,48.059301,-0.107142857142857,365.107142857143,0.939871430397034,-0.181756072874493,516.628466599188,-0.0147058823529412,184.014705882353,0.724828243255615,0.130010121457497,-98.3581815114853,0.015625,133.171875,1,-0.0607034412955542,287.381241565468,0.2875,-201.7375,0.860288739204407,0.291067813765096,-221.068319837884,0.885869565217391,-1547.78260869565,0.07024085521698,0.600303643724816,-963.485492577839
"159","ERB","LEITZACH",11.831,47.8881,0.0154545454545455,-30.0152272727273,0.000753641128540039,0.0164886892712553,-32.08737062247,0.0163663793103448,-31.6685129310345,0.00167238712310791,0.0173586538461541,-33.676106089744,0.0186693548387097,-36.2497983870968,0.000323653221130371,0.021290789473685,-41.4346174089084,0.0142307692307692,-27.46125,2.3961067199707e-05,0.0139601214574902,-26.831563427801,0.0141346153846154,-27.2308653846154,0.00108039379119873,0.00558610829959489,-10.1097262145744
"160","STAUDEN","LEITZACH",11.9354,47.71,-0.00181451612903226,5.80439516129032,0.762861132621765,-0.00271963562753035,7.67023751686908,-0.00333333333333334,9.10541666666667,0.860288739204407,0.00151366396761151,-0.521519399460532,0.00825,-13.97775,0.352204918861389,0.00851568825910936,-14.4235880566803,-0.0156944444444444,34.6173611111111,0.0560136325657368,-0.0118446356275305,27.0298481781379,0,2.84875,0.782101154327393,-0.00111589068825766,5.06931342779737
"161","ROTTACH","ROTTACH",11.78,47.69,0.000357142857142854,-0.568749999999993,0.699914693832397,0.000452766106442579,-0.751206057422973,-0.00099609375,2.169072265625,0.46022617816925,-0.000792503217503218,1.76747656585157,-0.000134375,0.4563109375,0.670076549053192,0.00019177927927928,-0.154941028528531,-0.00113839285714286,2.57040178571429,0.476729094982147,-0.000653921568627457,1.64707815126052,0.00110576923076923,-2.01326923076923,0.0968465805053711,0.000419747899159675,-0.631199159663888
"162","BURGHAUSEN","SALZACH",12.834335,48.158628,-0.152083333333332,400.237499999998,0.529614090919495,-0.195010121457486,488.710489203771,-0.227678571428571,554.871428571429,0.257856726646423,-0.123081983805666,351.721654858296,0.177777777777778,-251.759722222223,0.435709953308105,0.184941801619449,-258.732000674795,-0.414772727272727,1069.40909090909,0.314534664154053,-0.621406882591156,1485.96761133616,0.525000000000006,-911.250000000011,0.0873067378997803,0.349013157894799,-555.889456815238
"163","MUEHLHAUSEN","EUZENAUER BACH",12.17,47.71,-0.00065625,1.35625,0.117186367511749,-0.000534736183774642,1.1152797300153,-0.000681818181818182,1.415,0.137945666909218,-0.00036462550607287,0.790379976383257,0.000164062499999999,-0.261257812499999,0.692838430404663,0.000397774782390189,-0.722410487251878,-0.000588235294117647,1.26610294117647,0.0742271840572357,-0.000435754048583042,0.971197199730187,-0.000441176470588235,0.947794117647059,0.365371525287628,-0.000632110323886626,1.33785846828607
"164","NUSSDORF","STEIN BACH",12.18,47.75,-0.000702751196172249,1.63167763157895,0.842403531074524,-0.000374583789669795,0.989337308181315,0,0.3,0.580151200294495,-0.00114177631578941,2.59519290654508,0.001265625,-2.2010234375,0.306985855102539,0.0012762703387381,-2.19117695127203,0.000273148148148147,-0.206495370370368,0.576532602310181,0.00138077151538689,-2.38350740216123,0.00119318181818182,-2.07948863636364,0.339342594146729,0.000401189271255327,-0.48026956815168
"165","STEIN","TRAUN",12.542419,47.99121,0.00223214285714284,-0.0791071428571115,0.632840633392334,0.00193522267206543,0.652451417002732,0.0123333333333333,-19.4654166666666,0.365371465682983,0.00396988866396831,-2.60391641363163,0.0372685185185185,-68.0197222222223,0.227469444274902,0.0257211538461545,-45.0277243589757,0.000384615384615376,6.76817307692309,0.801475405693054,0.00473329959514012,-2.11659919028025,0.0137500000000002,-21.8825000000004,0.227469444274902,0.00556983805668416,-5.38425944670166
"166","HOCHBERG","TRAUN",12.648,47.8337,-0.00690000000000001,17.1127,1,-0.0085037955465582,20.4683180668006,0.000394736842105255,3.12138157894739,0.706056833267212,0.00838360323886708,-12.5715151821876,0.0123809523809524,-19.828869047619,0.513279914855957,0.0184040991902839,-31.6162432523627,0.010078125,-14.180078125,0.959893226623535,0.0125457995951408,-18.9696120107944,0.0188541666666667,-33.0103125,0.191050410270691,0.0124025809716643,-19.9894247638414
"167","SIEGSDORF","WEISSE TRAUN",12.65,47.82,-0.00314814814814815,8.72837962962963,0.801475405693054,-0.00363081983805635,9.85691911268489,-0.00249999999999995,7.84374999999989,0.979940235614777,0.00497368421052664,-6.88787550607353,0.00718750000000001,-10.80375,0.61505126953125,0.0102897267206483,-16.8834598515529,-0.000299999999999994,5.41064999999999,0.939871430397034,0.00537373481781287,-5.91506578947191,0.0096875,-15.9684375,0.40668249130249,0.00995293522267518,-16.2536909581709
"168","WERNLEITEN","ROTE TRAUN",12.65,47.83,0.001203125,-1.556046875,0.539915800094604,0.00178374771180339,-2.69486105191865,0.00203409090909091,-3.01284090909092,0.539915800094604,0.00447625305329015,-7.80293850347684,0.00763157894736842,-13.9293421052632,0.375963449478149,0.00842960288808664,-15.4239214801444,0.00331521739130434,-5.26961956521739,0.378841161727905,0.0082490131578946,-15.0826032388661,0.00359375,-6.02953125,0.166692614555359,0.00278375506072935,-4.37317999325358
"169","BERCHTESGADEN KLAERWERK","BERCHTESGADENER ACHE",13.01,47.64,0.015,-24.5225,0.27961540222168,0.0121363866396762,-18.7046112516871,-0.00306249999999997,12.1199374999999,0.899954319000244,0.00446002024291574,-2.96923431174241,0.039702380952381,-73.5092261904762,0.0346795320510864,0.0370273279352231,-67.9156494601899,0.0375,-60.5124999999999,0.597485423088074,0.0190399797570833,-22.6163056680128,0.04375,-79.4499999999999,0.0368938446044922,0.033832742914985,-59.2509345479187
"170","ILSANK","RAMSAUER ACHE",12.95,47.62,-0.00326923076923077,8.42120192307692,0.94570255279541,-0.00567379738621358,13.2803794077892,-0.00303030303030302,8.29022727272725,0.782101154327393,-0.00845377024291505,19.0999617155872,-0.00129807692307692,4.69961538461538,0.762861132621765,-0.00763418522267225,17.3193672402163,0.01105,-16.9508499999999,1,0.00503264170040398,-4.89159750337207,0.0205,-37.425125,0.0283099412918091,0.0156411626022248,-27.6999988948644
"171","UNTERJETTENBERG","SAALACH",12.822811,47.681177,0.00425000000000004,1.66424999999991,0.979940176010132,0.0173059210526324,-24.4024207995968,0.00833333333333326,-6.06166666666651,0.352204918861389,0.0320230263157907,-52.9793821693682,0.0625,-112.8,0.217931747436523,0.0603479251012151,-107.666427125507,-0.0571428571428569,137.567857142857,0.247429549694061,-0.055559210526328,137.498869770605,0.05,-85.2625,0.208684682846069,0.0140270748988013,-12.6097908232436
"172","STAUDACH","TIROLER ACHEN",12.48,47.78,-0.0012980769230769,14.9807211538461,0.801475405693054,-0.00171255060728582,16.1304399460156,0.0255514705882353,-37.9823529411765,0.314534664154053,0.0493147773279379,-84.5674834682915,0.0595238095238095,-103.93869047619,0.227469444274902,0.0883117408906936,-160.4289946019,-0.0714285714285714,164.696428571429,0.227469503879547,0.00409665991902085,14.6589237517019,0.0703125,-123.6734375,0.0664318799972534,0.0557292510121591,-94.0808097166259
"173","PASSAU INGLING","INN",13.444127,48.561499,1.01636904761905,-1693.21130952381,0.0608170032501221,1.04631882051729,-1743.95446153172,1.19921875,-2038.7265625,0.139689326286316,1.19419774347509,-2018.49164773209,2.40909090909091,-4433.67045454545,0.0207099914550781,2.65184716599199,-4912.46035762501,-1.44230769230769,3625.36538461538,0.4537672996521,-1.49669444380993,3742.91019025174,2.41176470588235,-4357.53676470588,0.0236392021179199,1.62715080971686,-2775.14777327988
"174","HOHENSAATEN-FINOW","ODER RIVER",14.142113,52.872891,-1.18125,2593.94375,0.959893226623535,-1.31442307692301,2868.08942307679,0.860294117647059,-1396.46323529412,0.339342594146729,-0.493952429149696,1343.87885458819,-0.826923076923077,2069.78846153846,1,-1.37413967611317,3202.7473009443,-3.09583333333333,6487.97916666667,0.0236392170190811,-3.033729757085,6356.01079622129,-1.56944444444444,3390.13888888889,0.801475405693054,-1.79369939271232,3861.45327260413
"175","EISENHUETTENSTADT","ODER RIVER",14.688,52.153,-0.705555555555556,1525.2875,0.95989316701889,-0.736546052631552,1594.40331562073,0.1,-34.3,0.529614090919495,-0.885915991902791,1948.91658063419,-1.17857142857143,2582.66071428571,0.782101154327393,-1.05323886639672,2336.84952766524,-2.2155,4578.802,0.0325798019766808,-2.06729251012149,4288.39271255066,-1.06634615384615,2258.75576923077,0.421049416065216,-1.34340080971648,2828.75129892014
"176","GOERLITZ","NEISSE RIVER",14.993192,51.16116,-0.01265625,29.67625,0.979940176010132,-0.00795571862348109,20.4079687078259,0.0352884615384616,-64.0790384615385,0.113180041313171,0.0551242408906899,-102.922620361002,0.00714285714285712,-4.80392857142852,0.899954319000244,0.00621912955465609,-2.59915654520963,-0.02775,60.962,0.465897381305695,-0.0238279352226727,53.4488832658582,-0.0268229166666667,58.7497395833333,0.650845050811768,-0.010793775303639,27.016236504714
"177","TAUCHRITZ","PLIESSNITZ",14.944133,51.064069,-0.00346428571428571,7.266875,0.450660526752472,-0.0033879301619432,7.16320316295523,-0.000802083333333333,2.10072916666667,0.979940235614777,-0.00232735323886633,5.22122527833995,-0.00582954545454545,12.2840795454545,0.268584728240967,-0.0043400303643724,9.31140047233455,-0.004675,9.806975,0.174538046121597,-0.00409855769230754,8.65503525640996,-0.00365441176470588,7.72750735294118,0.706056833267212,-0.00328653846153812,7.0006153846147
