"","station","river","longitude","latitude","Yslopezyp","Yinterceptzyp","Ysigzyp","Yslopelm","Yintlm","Wslopezyp","Winterceptzyp","Wsigzyp","Wslopelm","Wintlm","Spslopezyp","Spinterceptzyp","Spsigzyp","Spslopelm","Spintlm","Sslopezyp","Sinterceptzyp","Ssigzyp","Sslopelm","Sintlm","Aslopezyp","Ainterceptzyp","Asigzyp","Aslopelm","Aintlm"
"1","REES","RHINE RIVER",6.395395,51.756918,2.125,-3159.375,0.18965220451355,1.98992818889972,-2863.87484785786,2.6875,-4065.6875,0.0726803541183472,2.6913400681597,-4026.31072906526,0.520833333333333,556.666666666667,0.598631620407104,0.4218993427458,806.865567186102,0.0833333333333333,1387.33333333333,0.986230790615082,-0.120125365141202,1868.17100778971,0.526315789473684,129.342105263158,0.557356595993042,0.332978334956172,546.842137293108
"2","DUESSELDORF","RHINE RIVER",6.770183,51.225547,1.66203703703704,-2312.81018518519,0.308572292327881,1.51277994157742,-2005.00985881209,2.5327380952381,-3849.59226190476,0.102915287017822,2.63164556962026,-4012.78132911395,1.18181818181818,-864.318181818182,0.402585029602051,0.795758276533537,-60.4542356376692,-0.441176470588235,2361.69117647059,0.89018976688385,-0.158069620253183,1857.24050632915,0.535714285714286,37.6785714285716,0.647428750991821,0.15827044790651,804.831791626123
"3","EBNET","DREISAM",7.898793,47.987783,-0.00270772058823529,5.90642463235294,0.251109957695007,-0.00268060187439142,5.89588579296493,0.00851973684210526,-15.2267434210526,0.0754737854003906,0.0045738528481013,-7.2064111155064,0.000812499999999999,0.957687500000001,0.592651128768921,0.000547800024342558,1.68707114167515,-0.0094485294117647,19.8598088235294,0.0283963363617659,-0.00970757363680622,20.5230401046738,-0.00616071428571428,12.8528214285714,0.0576459430158138,-0.00598796859785784,12.6973661148978
"4","KOELN","RHINE RIVER",6.963293,50.936961,1.32608695652174,-1667.27717391304,0.31684398651123,1.3564264849075,-1713.25883641676,2.65625,-4118.90625,0.0813233852386475,2.63746652872445,-4054.16651351025,1.02040816326531,-613.214285714286,0.422265291213989,0.832415408958073,-169.680927458504,-0.390625,2202.65625,0.93123584985733,-0.125815481986378,1762.92952775075,0.416666666666667,260,0.616735577583313,0.0875365141187799,923.133398247348
"5","KAUB","RHINE RIVER",7.764967,50.085444,1.68055555555556,-2561.11111111111,0.128836870193481,1.71778846153847,-2597.90209956184,3.22265625,-5477.44140625,0.00939512252807617,3.16599926971764,-5347.58533958133,1.91666666666667,-2686.33333333333,0.230360269546509,1.5079752921129,-1841.22304040886,0.404411764705882,507.132352941176,0.736470341682434,0.627035662122673,88.026351022425,1.13709677419355,-1326.49193548387,0.296434760093689,0.844723709834452,-739.252312560822
"6","MAXAU","RHINE RIVER",8.305563,49.038985,0.64365671641791,-673.768656716418,0.267965078353882,0.699610132374761,-765.848789849564,1.52734375,-2327.43359375,0.0587911605834961,1.54928188899709,-2376.03676971764,0.647058823529412,-496.408088235294,0.291909337043762,0.427361088539981,-51.1599891309423,-0.3325,1749.46125,0.683183789253235,-0.646863802166711,2380.79052358593,-0.0825471698113208,922.51179245283,0.883374273777008,-0.410446080817917,1574.8398855891
"7","STEIN","KOCHER",9.287113,49.258277,0.00754545454545455,-10.0551931818182,0.343992710113525,0.00670144716030554,-8.13587611807301,0.0208522727272727,-33.4705113636364,0.157022595405579,0.0213265883641677,-33.7680557144601,0.0322857142857143,-52.8901785714286,0.128418564796448,0.0334302091898049,-53.7384495460911,-0.00125000000000001,9.87875000000003,0.736595988273621,-0.00121140986302381,9.96011267423849,0,5.338125,0.917842507362366,-0.00208596436323524,9.79952685911235
"8","LEUN NEU","LAHN",8.355248,50.545162,0.0205803571428572,-33.6378125,0.0740662813186646,0.0196354978091529,-31.5799159870984,0.0774431818181818,-142.306761363636,0.00145208835601807,0.0680194133398249,-121.570656341286,0.0902272727272727,-163.879090909091,0.0117465257644653,0.0951537548685487,-172.412171981499,0.0168867924528302,-25.0067452830189,0.24405312538147,0.014801150194742,-20.5022425754626,0.0141544117647059,-20.6254779411764,0.258307933807373,0.00987356986368062,-11.615807570594
"9","GIESSEN","ARGEN",9.595917,47.627989,0.00562499999999999,-6.24718749999998,0.198040246963501,0.00571827116315042,-6.28886426637096,0.0276785714285714,-48.1676785714286,0.0142604112625122,0.0274787609542358,-47.2556419790656,-0.0107848837209302,29.4985755813954,0.618611216545105,-0.00415384244070351,16.9724334747138,-0.00493421052631579,16.2228618421053,0.882342457771301,-0.00280159028339823,12.2952167824095,0.00797619047619048,-10.1946130952381,0.137679219245911,0.00897052259639254,-11.8239612574069
"10","GERBERTSHAUS","SCHUSSEN",9.534877,47.672577,0.00220588235294118,-0.646470588235305,0.683183789253235,0.00355240927894595,-3.254504300531,0.0187121212121212,-31.8948674242425,0.00825190544128418,0.0144497122252377,-23.1865028005131,0.010921052631579,-16.0662828947369,0.14249861240387,0.0111024098421055,-15.9734584661442,0.00931250000000003,-14.1832812500001,0.348585844039917,0.0126926063527666,-20.5771841838925,0.00528225806451614,-6.1217741935484,0.432541131973267,0.00382953991436729,-3.27938369579343
"11","BEUTELSAU","UNTERE ARGEN",9.81745,47.70835,-0.00385593220338983,9.88023305084745,0.233651399612427,-0.00465993809948166,11.4947389824744,-8.92857142857124e-05,2.98116071428571,0.996200203895569,3.07534084494818e-05,2.90515236543716,-0.0147619047619048,32.5502678571429,0.0137146255001426,-0.0188807878422016,41.048660332883,-0.014527027027027,31.701875,0.001268524909392,-0.0148060271557381,32.3976972072898,-0.00701923076923077,16.5064423076923,0.157179087400436,-0.00562795536646834,13.830038958519
"12","UHLDINGEN","SEEFELDER AACH",9.24493,47.729498,0.003125,-5.02750000000001,0.133579134941101,0.00298880972656951,-4.72854251275082,0.00021277665995976,1.40976609657947,0.562808275222778,9.72713621081717e-05,1.66234250111184,-0.00145833333333333,4.948125,0.770656704902649,-0.00190105756146342,5.89024315063462,0.00240370370370371,-3.41779074074074,0.380298614501953,0.00303177670300921,-4.54070284295863,0.0025,-3.605,0.472339630126953,0.00204866602127744,-2.71962478265158
"13","HAUSEN","ZABER",9.24,49.19,-0.00106249999999999,2.40462499999999,0.215116739273071,-0.00113796199154084,2.55890764539209,-0.000699119190404798,1.79052923538231,0.420776128768921,-0.000738744825818133,1.88316833058031,-0.00146892177589852,3.46355903805497,0.385387241840363,-0.00154256113827724,3.64113724476559,-0.00198706896551724,4.3211724137931,0.0979420021176338,-0.00185305062071567,4.07460660665275,-0.00101262626262626,2.32851262626262,0.213423192501068,-0.00116083183384981,2.63605814537124
"14","TAUBERBISCHOFSHEIM","TAUBER",9.665742,49.625874,0.0160024350649351,-29.3256371753247,0.0177543163299561,0.0114136454355331,-20.0337778936888,0.0173193238213399,-31.2704765043424,0.0282809734344482,0.0142705259491364,-24.4600299802727,0.037875,-68.3799375000001,0.0349130630493164,0.0339074550309057,-59.8699657034717,0.0133144132653061,-22.1752844387755,0.0893772840499878,0.0106064015736195,-16.6396139705102,0.0130575284090909,-23.2490944602273,0.0632879734039307,0.0083124217243206,-13.4674886128428
"15","BAD MERGENTHEIM","TAUBER",9.773611,49.4925,0.00598958333333334,-10.5366145833333,0.0545777082443237,0.00484837217155456,-8.21267562975508,0.0109286510590858,-19.975282748049,0.0116362571716309,0.00994185310544868,-17.3989629848747,0.02675,-48.863,0.0312076807022095,0.0247583014339337,-44.6192852802862,0.00190677966101695,-1.35789194915254,0.637560248374939,0.000380145870735842,1.7671749281872,0.000495414673046254,0.549498604465706,0.602920055389404,2.2273807319252e-05,1.69603016613775
"16","PETTSTADT","REGNITZ",10.941275,49.834192,0.201970996732026,-374.080269607843,1.01327896118164e-05,0.198636186322684,-367.069879325155,0.169711538461538,-304.026682692307,0.000145435333251953,0.17234036827446,-308.495171031689,0.19616935483871,-350.746975806452,0.0040428638458252,0.17911849771437,-314.582274800349,0.252272727272727,-470.003977272727,1.19209289550781e-07,0.25778795095037,-480.506393885364,0.218337391774892,-404.379552218615,3.85046005249023e-05,0.215494000508872,-398.102069215345
"17","UNTERLANGENSTADT","RODACH",11.226675,50.181522,7.57575757575762e-05,1.09018939393939,0.472339630126953,-0.00198987285799426,5.28621123047821,0.00384259259259258,-4.60129629629628,0.452819108963013,0.00248375121713733,-1.5494417599806,-0.0281756756756757,59.9472635135135,0.009633868932724,-0.0270029211295037,57.9921762414806,-0.00774193548387097,17.1452016129032,0.223722398281097,-0.00937144900194752,20.4738756694257,-0.0009909188034188,3.3613782051282,0.581856608390808,-0.00297716354994788,7.4705191715975
"18","RIEDERICH","ERMS",9.266819,48.559907,0.00262499999999999,-4.17499999999998,0.13068699836731,0.0027907167498266,-4.40839319260228,0.00341836734693878,-5.22459183673469,0.15202522277832,0.00348981864654336,-5.37738116480046,0.00570945945945945,-9.11542229729728,0.115444421768188,0.00700072776362716,-11.5790054011065,-0.000250000000000039,2.29850000000008,0.784410059452057,0.000161451134606489,1.5087478972008,0.00193181818181818,-2.55295454545454,0.3818199634552,0.00118716353201082,-1.04259886676118
"19","WANNWEIL","ECHAZ",9.151828,48.51144,0.00438262195121951,-7.87353734756097,0.00245726108551025,0.00366917296159945,-6.39491327023508,0.005546875,-9.8146484375,0.00825190544128418,0.00575136420651478,-10.1740726374338,0.00514583333333333,-8.48486458333333,0.025815486907959,0.00506996719995223,-8.26906484887975,0.0044345953525641,-7.4820758213141,0.0437967777252197,0.00519341616290861,-8.89340569491188,0.00385481601731602,-6.74723685064935,0.00299704074859619,0.0037545140561095,-6.44993878718081
"20","RANGENDINGEN","STARZEL",8.886825,48.380713,0.00215625,-4.10215625,0.00654208660125732,0.0020734918088497,-3.92104407637116,0.00146634615384615,-2.53797836538461,0.227652668952942,0.000881198804870658,-1.32011745584216,5e-04,-0.483250000000001,0.628936529159546,0.000682841407010706,-0.797094023855881,0.000830586080586081,-1.35609088827839,0.206941843032837,0.000707806743387014,-1.07783573058535,0.0019575,-3.6957675,0.0191446542739868,0.00152762005474288,-2.79944793639878
"21","PLOCHINGEN","NECKAR",9.419,48.707,0.061375,-109.45775,0.0193634033203125,0.064757698393379,-114.982415500244,0.0942796610169492,-166.684533898305,0.00987792015075684,0.0962368853456675,-170.514283440848,0.046875,-65.621875,0.254691243171692,0.0562029576436199,-81.0499415774054,0.0531249999999999,-85.2749999999997,0.204632520675659,0.0510956061343715,-80.4848855890935,0.054032258064516,-92.635887096774,0.0316643714904785,0.0547619583739041,-93.5380446689378
"22","ROTTWEIL","NECKAR",8.618248,48.168228,0.00108274647887324,-1.06941725352112,0.308647751808167,0.000780438757958542,-0.416477921955448,0.00201923076923077,-2.32259615384615,0.33381986618042,0.00239346397273616,-3.00969210077904,0.00366847826086957,-4.94516304347827,0.25277304649353,0.00365152479593473,-4.73517683143613,0.0018640350877193,-2.10293859649123,0.230360269546509,0.00189514362220052,-2.05890019474183,0.000365740740740744,0.464115740740735,0.3818199634552,-0.000655670981008732,2.55826474091441
"23","GUTACH ELZ","ELZ",7.990062,48.119069,0.00713414634146342,-12.6214634146342,0.139097094535828,0.00652047905437128,-11.2953647048983,0.0163194444444444,-28.9450694444444,0.0282809734344482,0.0146787689303279,-25.6889697210875,0.0113141447368421,-18.4738980263158,0.132919192314148,0.0122588288093768,-20.029243727705,-0.000807926829268289,3.90924542682926,0.72096061706543,-0.000429947273664325,3.32821922362681,0.00574883720930233,-9.63569302325582,0.247129201889038,0.00438102859775256,-6.73603508553548
"24","PFORZHEIM","WURM",8.698923,48.884361,0.00422794117647059,-7.22202205882353,0.0805025100708008,0.00463515208507576,-8.00015465620148,0.00717291666666667,-12.7450270833333,0.0141000747680664,0.00744598757845965,-13.2504546905743,0.005,-7.81874999999999,0.358027100563049,0.00418416944721132,-5.99049104392796,0.00679220085470086,-11.7481971153846,0.0729533433914185,0.00651835096209769,-11.1533789467247,0.00596654589371981,-10.6000884057971,0.0809223651885986,0.00549869292234821,-9.58310590410269
"25","ALTENSTEIG","NAGOLD",8.603951,48.586485,0.000540697674418607,-0.271699127906981,0.503977656364441,0.000260815057178654,0.309281480587782,0.00208796296296297,-3.05162037037038,0.162143468856812,0.00257076436222007,-3.89322621713732,2.84090909090903e-05,1.29607954545455,0.717039585113525,0.000336845788704866,0.827107047225125,-0.00140277777777778,3.80655555555555,0.795735478401184,-0.00141145021908475,3.84024896543337,-3.47222222222215e-05,0.944826388888887,0.736595988273621,-0.000135018840333073,1.17347370542036
"26","OPPENWEILER","MURR",9.458716,48.984121,0.000764843750000001,-0.833320312500001,0.483920812606812,0.000829805665267413,-0.970738745282516,0.000519841269841271,-0.0746646825396842,0.587358236312866,0.00055747311854793,-0.0891775384412059,0.00273809523809524,-4.13827380952382,0.182858943939209,0.00244525637912678,-3.43991942882974,0.000362499999999999,0.195737500000002,0.486959099769592,6.6306398149031e-05,0.818287802095711,1.66316526610624e-05,0.706693277310928,0.65414834022522,-0.000291078311033561,1.32427269651252
"27","MITTELROT","FICHTENBERGER ROT",9.740556,48.985379,0.000727272727272728,-1.05461931818182,0.13068699836731,0.000500636692609532,-0.60273145421582,0.000711538461538462,-0.792048076923078,0.545823574066162,0.000300155185004872,0.0783726357108017,0.000633333333333332,-0.41530833333333,0.618611216545105,0.00108644719248646,-1.23843980845315,7.14285714285715e-05,0.379285714285714,0.562894821166992,-7.64393162919251e-06,0.55097495305666,-0.00026171875,0.93146484375,0.861150741577148,-0.000351565504358082,1.12678950366301
"28","UNTERGRIESHEIM","JAGST",9.219941,49.268549,0.0118485915492958,-19.3378345070423,0.0648041963577271,0.0107213972736125,-17.1310945715678,0.021875,-37.2375,0.0501381158828735,0.0183767952775075,-29.876791778238,0.0389035087719298,-66.7932456140351,0.0975662469863892,0.0411585321324239,-70.2993524829588,-0.00294642857142858,11.8890178571429,1,-0.00153508398247353,9.41296312074063,0.00477272727272729,-5.18204545454549,0.506412982940674,0.00110452166504366,2.34334773612494
"29","NEUSTADT","REMS",9.315816,48.84736,0.00933823529411765,-16.5148161764706,0.0590089559555054,0.0102599067889741,-18.3263151089389,0.0195625,-36.0784375,0.00373947620391846,0.0164235637779942,-29.7124384128531,0.000446428571428546,2.57513392857148,0.982109487056732,0.00188043871773281,-0.0793368066894326,0.00985119047619047,-16.8694196428571,0.0229765176773071,0.0106337287789242,-18.2419904246707,0.0061764705882353,-10.0146323529412,0.288522958755493,0.00634344571567659,-10.2696111246346
"30","BAD ROTENFELS","MURG",8.297143,48.818715,-0.0230456166589968,49.5670763345605,0.00864852964878082,-0.0218284501832319,47.3271044705772,-0.000625000000000024,8.03187500000005,0.861150741577148,-0.00219534411489759,11.1347057090749,-0.029875,67.173875,0.0943562090396881,-0.0278975402780084,63.845064544171,-0.0334451219512195,71.6230945121951,0.0018835257505998,-0.0329728267253211,70.9080757486407,-0.0309810499058381,66.0256114642185,0.000525688228663057,-0.0307402879620188,65.5058196511
"31","GUTACH GUTACH","GUTACH",8.212933,48.24,-0.00314076086956522,6.87133831521739,0.238114774227142,-0.00313964079187887,6.90259750037364,5.71184995737433e-05,1.16316197783461,0.622681081295013,-0.000123457488241646,1.60530349135318,-0.00590833333333334,13.27045,0.312492549419403,-0.00632788070914592,14.1997062689938,-0.00702500000000001,14.9455375,0.00438398309051991,-0.00565164127110826,12.2244120445074,-0.00451408450704225,9.67081690140845,0.0516856238245964,-0.00503227865781318,10.7755402234278
"32","OBERWOLFACH","WOLFACH",8.217126,48.317024,-0.00380563186813187,8.17106593406593,0.0457857586443424,-0.00370823376182609,8.04492148292968,-0.00180555555555554,4.97506944444442,0.716400384902954,-0.00220443197705894,5.84172693152625,-0.00912109375,19.8326953125,0.0810526087880135,-0.00854780491124224,18.826086697989,-0.00615384615384616,13.2238461538462,0.0417056977748871,-0.00629213425024342,13.5318071445959,-0.00453125,9.72465625,0.045292392373085,-0.00487410236124635,10.4818112828627
"33","ZELL","WIESE",7.845408,47.699494,0.000586510263929615,0.151387463343116,0.550278902053833,0.000689631792064163,-0.0319239802159068,0.00574494949494947,-8.69406565656561,0.327630043029785,0.00495298815462228,-6.95049408015801,-0.00458786231884059,12.806829710145,0.881288886070251,-0.00573010344963213,15.261074837533,-0.00646942110177404,14.7958800186741,0.155990064144135,-0.00554451859509063,13.0295815669202,-0.00215237503452085,5.79683581883458,0.410296142101288,-0.00404650012335878,9.5910015235817
"34","KEMMERN","MAIN",10.873488,49.951163,-0.032258064516129,74.7935483870968,0.647919774055481,-0.0444004652727431,98.9577855738323,0.03075,-42.461,0.545300722122192,0.0214820992819492,-22.7839724963611,-0.00416666666666673,32.8166666666668,0.954426765441895,-0.0152688386328088,57.3419141513188,-0.0640624999999999,140.67578125,0.101422123610973,-0.0509338892164487,115.162554530379,-0.0340686274509803,79.0389705882352,0.310402512550354,-0.0444852937130463,100.209278609932
"35","BAYREUTH","ROTER MAIN",11.578935,49.947823,0.00069527736131934,-0.67566904047976,0.416112422943115,-0.000943655230982967,2.63763612252308,0.00469491174848318,-8.02503964423608,0.167911052703857,0.00640314175104244,-11.2908424657537,0.00862887372802961,-15.3360615171138,0.0250397920608521,0.00744031246861815,-12.8851008240272,-0.000553409090909091,2.05103636363636,0.860131740570068,-0.00236823891912113,5.70198018991682,0.000182926829268294,0.438018292682924,0.819274187088013,-0.00145478248995912,3.73703386925266
"36","RASCH","SCHWARZACH",11.38,49.366979,0.00224330576482149,-3.84263830658369,0.181273937225342,0.00214990762247352,-3.6221609154272,0.00401741803278689,-7.03805737704918,0.172981142997742,0.00394149886980866,-6.77247658075523,0.00666666666666667,-11.925,0.0191446542739868,0.00598373381083953,-10.509476554449,0.00151388888888889,-2.24299305555557,0.416890144348145,0.00200013758355011,-3.15386619439417,0.000849143206854346,-1.03533583231334,0.314281702041626,0.000522440773557475,-0.330761469175075
"37","COCHEM","MOSELLE RIVER",7.168276,50.143351,-0.0701704545454545,201.013352272727,0.717039585113525,-0.0295046251217128,124.12208982473,0.0401785714285714,43.4330357142857,0.736470341682434,0.029051241480042,83.7134475413766,0.0562499999999994,58.2437500000013,0.545823574066162,0.0766790408958064,32.4807205452908,-0.0943333333333332,266.400333333333,0.580772817134857,-0.0754810735150937,239.554740749759,-0.130952380952381,325.119047619048,0.355849087238312,-0.121866784323272,312.354302580332
"38","TRIER UP","MOSELLE RIVER",6.626853,49.732189,-0.154099821746881,362.706951871658,0.161593168973923,-0.144486569526804,345.198408844122,0.127150399543379,-134.318002283105,0.527875542640686,0.0775254190082051,-26.8850878383713,0.142210144927536,-138.330615942029,0.533873677253723,0.107928632873376,-51.7975456202571,-0.181120801033592,429.678407622739,0.203496336936951,-0.138121373120015,352.945844820654,-0.186805555555556,429.704861111111,0.193909958004951,-0.200711934947082,460.789806440069
"39","INTSCHEDE","WESER",9.125,52.964,-0.163815789473684,445.161842105263,0.598631680011749,-0.173618853456669,465.485698332521,-0.273809523809524,703.255952380952,0.704185843467712,-0.20175237341772,581.291839398731,-0.149038461538462,543.375,0.903844654560089,-0.0215725413826758,298.076131937698,-0.432432432432432,1001.69932432432,0.0699721723794937,-0.473894839337875,1093.3401046738,-0.375,872.75,0.0958334505558014,-0.349242332035056,827.512475657259
"40","RHEINE UNTERSCHLEUSE","EMS RIVER",7.434,52.288,-0.00180555555555559,9.51180555555563,0.586698055267334,0.000262323515092454,5.92632062439153,0.0189024390243903,-22.3509146341464,0.484583735466003,0.0201989715189876,-22.4343975474689,0.0591216216216216,-98.6074324324324,0.140062093734741,0.0555757059396296,-89.7916857351501,-0.0021078431372549,12.1190441176471,0.723496913909912,0.00251591407010738,3.30774647030131,-0.00118589743589743,9.26067307692306,0.972465693950653,-0.00180580574488799,11.2837074001947
"41","NEU DARCHAU","ELBE RIVER",10.88881,53.232275,-0.485714285714286,1254.87142857143,0.704185843467712,-0.583310004868543,1442.13790469814,0.375,-349.125,0.447641849517822,0.407397151898738,-365.841811708869,-0.427631578947368,1409.39473684211,0.993115127086639,-0.210065725413859,1026.77190847134,-1.46666666666667,3247.30833333333,0.0309861227869987,-1.58760649951317,3509.0162487829,-0.529069767441861,1348.73837209302,0.691416025161743,-0.654682935735177,1614.92885832527
"42","DRESDEN","ELBE RIVER",13.738539,51.059736,0.159523809523809,-197.05119047619,0.31684398651123,0.29163674537488,-460.821587451318,0.488372093023256,-805.142441860465,0.0798275470733643,0.582302519474198,-983.54741388754,0.225961538461538,-224.884615384615,0.545823574066162,0.30726022395325,-374.873661148953,-0.3359375,802.84375,0.351371467113495,-0.335168573515101,809.927446445975,0.0173611111111111,93.71875,0.697790265083313,0.0955300632911274,-56.2691455695968
"43","LUTHERSTADT WITTENBERG","ELBE RIVER",12.646719,51.861817,0.136948529411765,-126.276654411765,0.355849027633667,0.181724074975659,-217.049191212272,0.473214285714286,-748.571428571429,0.162143468856812,0.469109055501461,-720.843086660177,0.25635593220339,-234.014830508475,0.604639530181885,0.382747078870485,-471.171494644573,-0.398936170212766,954.372340425532,0.397752285003662,-0.445220301850059,1061.50360272641,-0.0214285714285714,193.785714285714,0.876567363739014,-0.00151046738073412,163.105440603727
"44","BARBY","ELBE RIVER",11.882563,51.990129,-0.075,378.7,0.782449722290039,-0.0304679892891888,284.997100170393,0.434027777777778,-572.090277777778,0.300444602966309,0.476131937682571,-624.34580087634,-0.0625,527.9375,0.822481751441956,0.00851387536511879,416.724805258078,-0.791666666666667,1837.29166666667,0.157022580504417,-0.837195715676745,1936.51460564755,-0.231481481481481,699.615740740741,0.979347467422485,-0.223210808179182,690.501703992249
"45","WITTENBERGE","ELBE RIVER",11.759765,52.990829,-0.366071428571429,1008.42857142857,0.89018976688385,-0.431715555014601,1136.77647577896,0.321022727272727,-240.684659090909,0.463274717330933,0.441501338851025,-443.338744522889,-0.578125,1690.75,0.944964110851288,-0.323922833495641,1238.53651411884,-1.33552631578947,2981.04605263158,0.0611383318901062,-1.49658592989291,3316.85722979556,-0.532407407407407,1347.50462962963,0.802400887012482,-0.61471518987344,1528.85443037979
"46","TANGERMUENDE","ELBE RIVER",11.978396,52.546603,-0.00657894736842105,248.526315789474,0.736470341682434,-0.00828566212268401,246.857768378766,0.625,-935,0.210859417915344,0.610257424537489,-876.609253286274,0.0778301886792453,278.01179245283,0.749519348144531,0.194148612463466,72.3832156767674,-0.933823529411765,2129.63970588235,0.12883685529232,-0.926533592989304,2126.64094449857,-0.240909090909091,720.209090909091,0.897013425827026,-0.231761197663116,714.328627069172
"47","AKEN","ELBE RIVER",12.059195,51.86316,0.125,-78.5,0.292460918426514,0.155556231742943,-138.054643378778,0.516666666666667,-795.525,0.18965220451355,0.507774464459592,-758.058133519963,0.116071428571429,92.2321428571429,0.822481751441956,0.22455574488801,-104.614045764336,-0.553571428571429,1294.92857142857,0.162143528461456,-0.609311100292124,1420.4945228822,-0.11231884057971,402.228260869565,0.849436044692993,-0.0643257059396444,317.23040408961
"48","MAGDEBURG-STROMBRUECKE","ELBE RIVER",11.644,52.135,-0.114583333333333,460.979166666667,0.862981557846069,-0.0879564264849038,402.372730038941,0.308035714285714,-321.165178571429,0.432313203811646,0.359186343719574,-390.44211599319,-0.0661764705882353,536.573529411765,0.829202055931091,0.0679923320350305,304.802397760513,-0.875,2003.75,0.122445069253445,-0.938461538461553,2143.43074488805,-0.253205128205128,742.733974358974,0.822481751441956,-0.321388145082788,888.783653846199
"49","TORGAU","ELBE RIVER",13.010575,51.558968,0.298913043478261,-462.309782608696,0.172761917114258,0.327181718597859,-518.900532497569,0.542253521126761,-906.711267605634,0.0686495304107666,0.583626460564753,-973.060056596887,0.115740740740741,11.0555555555555,0.610674262046814,0.230732716650426,-203.755842258982,-0.244565217391304,635.586956521739,0.616735577583313,-0.343321263388521,842.071671129525,0.0723684210526316,-3.28947368421052,0.495434165000916,0.0808955087633746,-15.2701010223678
"50","CALBE-GRIZEHNE","SAALE",11.81252,51.921707,-0.0521739130434784,149.584239130435,0.685063600540161,-0.0544796738072047,156.733787122686,0.0220108695652175,17.5138586956521,0.697790265083313,0.0445943889970794,-18.5704920277518,-0.0843749999999996,253.759374999999,0.883374273777008,-0.13212147030186,352.386270691353,-0.158333333333334,369.483333333334,0.292460918426514,-0.153100048685494,362.034298928925,-0.0441176470588235,139.727941176471,0.622823119163513,-0.0288254625121741,110.97979552094
"51","HOF","SAALE",11.914542,50.323928,0.00464285714285714,-7.97464285714286,0.0222141742706299,0.00244821993670891,-3.63629782436718,0.00611111111111111,-10.1566666666667,0.183892011642456,0.00962314386562808,-16.6945814569134,-0.00221590909090909,7.45755681818182,1,0.00016620009737082,2.82684152872476,-0.00593346774193548,13.4550201612903,0.342523753643036,-0.00428279272151907,10.2506368670888,0.00207446808510639,-2.69654255319149,0.269370913505554,-0.00304038157254158,7.61337481742979
"52","DOHNA","MUGLITZ",13.853698,50.953832,0.000625,-0.918875000000001,0.0961357355117798,0.000112593700528475,0.105364932815943,-0.00353779069767442,7.61751453488372,0.0391761474311352,-0.00454814690847128,9.68972576983934,-0.0030078125,7.167421875,0.484583735466003,-0.00386946506815972,8.90458355647523,0.00435,-8.03245,0.0248619318008423,0.0042663278967867,-7.78290043816932,0.00106818181818182,-1.73310795454545,0.0961357355117798,0.000566793299643544,-0.684338385276442
"53","ELBERSDORF","WESENITZ",13.993832,51.022092,0.00321701388888889,-5.52931944444444,0.0941253900527954,0.00291518378773127,-4.92208542478095,0.00300403225806452,-4.82737903225807,0.292460918426514,0.00235348101265824,-3.38446297468357,0.00283653846153847,-4.10875000000002,0.195544362068176,0.00292784810126569,-4.23196677215163,0.00103611111111111,-0.993097222222224,0.329521894454956,0.000524975657254045,0.0359864897762306,0.000866379310344828,-0.787762931034483,0.463274717330933,0.000862457400194649,-0.702475778967682
"54","GROSSDITTMANNSDORF","GROSSE RODER",13.77296,51.198328,0.00441872019077902,-8.10988155802862,0.0075993537902832,0.0023539774113814,-3.95569455538952,0.00669821428571428,-12.1211446428571,0.022213339805603,0.00539913999243533,-9.41496264633485,0.00789978363493312,-14.1554934598741,0.00454854965209961,0.00693620579050091,-12.2003246574024,0.0043494333886125,-7.75256564400222,0.0276159048080444,0.00296603955427361,-4.94236929316173,0.00322931547619048,-5.6911390625,0.172981142997742,0.00211002976935673,-3.32000602392872
"55","KETZIN","HAVEL",12.845305,52.478085,-0.545026595744681,1102.93126329787,3.89428311819984e-09,-0.561349907345056,1135.48158301528,-0.320454545454546,685.696590909091,0.00893351342529058,-0.328365688899708,705.469875547713,-0.554347826086957,1163.8625,0.00154102791566402,-0.535227482960078,1126.6066187926,-0.62126953125,1258.548359375,4.79080696554751e-13,-0.640344945837389,1297.1797380112,-0.557783018867924,1133.05011792453,1.13836881610041e-06,-0.527144877612097,1074.27270630563
"56","WECHSELBURG 1","ZWICKAUER MULDE",12.77255,51.006826,0.0145192307692307,-21.1011538461538,0.17826235294342,0.00892715433300894,-9.4752719693285,0.0357142857142857,-60.5082142857143,0.0783541202545166,0.0248354430379748,-36.849768987342,0.017578125,-19.905859375,0.27312970161438,0.0136470606134366,-10.361464824731,-0.0535714285714287,117.6175,0.002455432433635,-0.0512651229308674,113.590671251219,-0.0212903225806451,51.6233467741935,0.321033895015717,-0.0187605890944504,47.0789885589106
"57","ZWICKAU-POELBITZ","ZWICKAUER MULDE",12.493608,50.740902,0.0136858974358974,-23.5750320512821,0.0501381158828735,0.0141824184518014,-24.4494428249758,0.025625,-45.825,0.0425790548324585,0.0310457643622201,-55.8182069133399,0.0148333333333333,-21.3986666666666,0.321033954620361,0.0178056231742937,-26.9739155306712,-0.0072794117647059,19.5083823529412,0.647428750991821,-0.00809177215189921,21.6787025316465,0.0113409090909091,-18.3871590909091,0.159567594528198,0.0140257728821809,-23.265381572541
"58","GOERITZHAIN","CHEMNITZ",12.780036,50.980887,0.00438405797101449,-6.69717391304348,0.265647649765015,0.00490226083252193,-7.63709475718116,0.0128846153846154,-22.6719230769231,0.0587911605834961,0.0107072480525803,-18.0645489593476,0.0101984126984127,-16.22,0.0843832492828369,0.0106887171372929,-17.1472833495614,-0.00658898305084746,15.7048728813559,0.167389526963234,-0.00447386501947433,11.6769093841288,0.00083333333333333,0.608333333333339,0.610674262046814,0.00238701923076913,-2.34591833008743
"59","AUE 1","SCHWARZWASSER",12.715356,50.59635,0.00866666666666666,-15.7221666666666,0.0109103918075562,0.00772864532619282,-13.8305935309153,0.0166666666666667,-31.0508333333333,0.0012127161026001,0.0165098648977605,-30.3709846579845,0.00975,-16.163,0.237136840820312,0.0106931292599805,-17.7854655550145,-0.00714285714285714,16.5508928571428,0.261960029602051,-0.00529719449853966,12.9612773855895,0.00556818181818182,-9.3475,0.122445106506348,0.00631539070107094,-10.6177014362217
"60","STRECKEWALDE","PRESSNITZ",13.07852,50.631093,-0.000624999999999999,1.800625,0.883374214172363,-0.00123086660175266,3.05369671372927,0.000432692307692307,0.0697596153846168,0.659879684448242,-0.00199237463485879,4.97800592137289,-0.00722999999999999,15.69703,0.0713157430291176,-0.00713873235150928,15.5604210686466,-0.0079375,16.6473125,0.00149592303205281,-0.00862652446445971,18.111705148491,-0.00275,6.09462500000001,0.220455169677734,-0.00358635589094458,7.87221251217153
"61","BOXBERG","SCHWARZER SCHOPS",14.574671,51.405506,0.0508231707317073,-99.0941920731707,0.0189741849899292,0.0557918460879856,-108.760648938581,0.0575328947368421,-111.132927631579,0.00118637084960938,0.0603070937523607,-116.387768187656,0.0479285714285714,-92.1431964285714,0.0289443731307983,0.0491728991966957,-94.4821245687583,0.0525255102040816,-102.39950255102,0.00463414192199707,0.0566827831079544,-110.489157758554,0.0572256097560976,-111.286082317073,0.000247001647949219,0.0641021379466642,-124.746335177909
"62","FRIDINGEN","BARA",8.87708,47.785485,0.0018301282051282,-3.32869230769231,0.0543210506439209,0.00216704600778968,-3.98891632789679,0.00322669491525424,-5.89784745762712,0.0248619318008423,0.00345348101265824,-6.2957348101266,0.00147727272727273,-2.25343181818182,0.321033954620361,0.00117933909444979,-1.59301545764349,0.00203977272727273,-3.54777272727273,0.104749202728271,0.00173205939629991,-2.88800925024344,0.00170652173913043,-3.05151086956522,0.0798275470733643,0.00164161392405064,-2.88076107594938
"63","LAUCHERTHAL","LAUCHERT",9.275496,48.083736,0.00635135135135135,-11.0745101351351,0.0160238742828369,0.00682954317568089,-11.8980053963903,0.00661764705882353,-11.2075735294118,0.0554879903793335,0.00717200503770478,-12.0499498809721,0.00377358490566038,-4.29817216981132,0.515495300292969,0.00335735086246317,-3.29900759183941,0.001875,-0.831874999999994,0.81577455997467,0.00288601204965912,-2.82145101022379,0.00475961538461539,-7.54341346153846,0.0686495304107666,0.00391760893378771,-5.79626916991232
"64","NIEDERKIRCH","RISS",9.831213,48.238604,0.0121527777777778,-21.6499305555556,0.00709724426269531,0.0122763479795521,-21.8092913857109,0.00848958333333333,-13.8806770833333,0.0018390417098999,0.00844236854917242,-13.6553271056477,0.0149285714285714,-26.5536071428571,0.00334775447845459,0.0134541565238556,-23.5191618792595,0.00832446808510639,-13.6100265957447,0.0481500625610352,0.00818540043816933,-13.3067099561829,0.00822115384615385,-13.4907211538462,0.0754737854003906,0.00915072723953253,-15.3454256937681
"65","ACHSTETTEN","BAIERZER ROT",9.898501,48.260693,0.00834521396396396,-14.7594757882883,0.0513373613357544,0.00892198528246024,-15.8841454171497,0.00964697975964579,-17.1016971062619,0.000335454940795898,0.00891671706080011,-15.589610019229,0.00659615384615384,-10.9727115384615,0.0309860706329346,0.00662203931353447,-10.9311789800388,0.00657327586206897,-10.9670689655172,0.0532488822937012,0.00735215433300872,-12.4974111489775,0.00862244897959184,-15.1676020408163,0.0153188705444336,0.00888482534079838,-15.6371092380719
"66","HARBURG","WORNITZ",10.692384,48.783235,-0.000347222222222227,3.09812500000001,0.840058445930481,-0.00197000477077004,6.322451302469,0.018125,-31.730625,0.0246454477310181,0.0236819265060102,-42.3372520095956,0.0162083333333333,-26.5156041666667,0.126180768013,0.0179357100562672,-29.4997123197677,-0.0107536764705882,24.4590441176471,0.432541072368622,-0.00822134320096945,19.7149133457661,-0.00356818181818182,9.94061363636364,0.903618812561035,-0.00470765394783229,12.2355669050179
"67","KEMPTEN","ILLER",10.316864,47.730411,0.0111309523809524,-10.9442857142857,0.296434760093689,0.0121802884615385,-13.0452813717139,0.0232142857142857,-33.5732142857143,0.17005980014801,0.023341041869523,-33.2721117332037,-0.00723684210526312,28.9151315789473,0.979347467422485,-0.00647045399221049,28.5150748539439,-0.152083333333333,331.041666666667,0.0117465239018202,-0.155574793086659,339.872900438167,0.00864583333333332,-2.2911458333333,0.628936529159546,0.00482756207400142,6.33990810613541
"68","LAUBEN","AITRACH",10.037521,47.876632,-0.00437500000000002,10.5521875,0.587358236312866,-0.00269468321663681,7.22674771098879,0.000170454545454552,1.90153409090908,0.618611216545105,0.00116182383334458,0.148644890353806,-0.00232758620689655,7.32448275862068,0.965585947036743,-0.0040549233203507,11.0924032375855,-0.00734375,17.054375,0.230360209941864,-0.00529880720545274,13.2361477604673,-0.00384191176470588,9.91235294117647,0.412355601787567,-0.00292459834469331,8.10102117818895
"69","INGOLSTADT","DANUBE RIVER",11.422,48.754,0.195,-248.795,0.131024122238159,0.206954418208376,-269.9566227483,0.505952380952381,-844.940476190476,0.013266921043396,0.497764118792602,-821.363798685496,0.240384615384615,-278.923076923077,0.183892011642456,0.168861976630951,-123.783106134346,-0.634259259259259,1478.98148148148,0.0673473924398422,-0.578608812074,1374.5552580331,0.0865384615384615,-10.9903846153846,0.392954587936401,0.109388084225895,-58.4816029698044
"70","DILLINGEN","DANUBE RIVER",10.50053,48.568397,0.14093137254902,-210.111274509804,0.154508590698242,0.135125060856866,-196.592875182573,0.238068181818182,-391.098863636363,0.0254231691360474,0.229526837877314,-369.44405519718,0.125568181818182,-146.685227272728,0.265647649765015,0.0839873417721451,-56.7520569620118,-0.131439393939394,364.63143939394,0.545823514461517,-0.103426850048686,313.726460564753,0.11796875,-155.6484375,0.186755657196045,0.136004138266794,-189.909238072049
"71","LANDSBERG","LECH",10.875078,48.041521,0.110416666666667,-186.095833333334,0.0123350620269775,0.103936526290166,-173.198613376339,0.128869047619048,-219.74255952381,0.00916171073913574,0.129269109055502,-220.294136441091,0.0791666666666667,-116.729166666667,0.17005980014801,0.0676947419668928,-94.5107473222959,-0.36078431372549,783.568137254902,0.000245099770836532,-0.373498356864654,810.231493427457,0.0191666666666668,4.42666666666648,0.749519348144531,0.0126223222979532,18.3172955209387
"72","EICHSTAETT","ALTMUHL",11.196753,48.888543,0.0113010204081633,-19.438762755102,0.16038990020752,0.010288970672236,-17.424996499156,0.0130208333333333,-21.8859375,0.0740662813186646,0.0198616114897761,-34.8198316699125,0.0223345588235294,-37.7790625,0.0859477519989014,0.0237064264849071,-40.3451959591034,0.01575,-27.37025,0.0168375968933105,0.00896038218110981,-13.6346105160658,0.0132758620689655,-23.0251939655172,0.0652884244918823,0.0109416381198179,-18.4285081268011
"73","TREUCHTLINGEN","ALTMUHL",10.913473,48.953204,0.00559375,-9.81487499999999,0.0366901159286499,0.0055402666953299,-9.69774778491532,0.00749999999999995,-12.6074999999999,0.118323445320129,0.00680121105160665,-10.9867327470789,0.0118396226415094,-20.5054009433962,0.0184869766235352,0.0102426667478089,-17.0764295277503,0.00993181818181818,-18.0560454545455,0.00258815288543701,0.00940646378937505,-16.9841495582474,0.00470394736842105,-7.99144736842105,0.110407114028931,0.00466923381207391,-7.86278389727344
"74","BIESSENHOFEN","WERTACH",10.640759,47.82952,-0.00166666666666671,6.31750000000008,0.511950016021729,-0.00131289556962028,5.62429628164562,0.00141304347826088,0.988586956521722,0.659879684448242,0.00322812195715681,-2.43720335321332,-0.00584999999999997,16.4165499999999,0.691416025161743,-0.00546862828627076,16.1889283106136,-0.0222916666666667,49.1289583333333,0.045292392373085,-0.020823697663096,46.3928359298922,-0.00278846153846153,9.48230769230768,0.802400887012482,0.000700553797468346,2.85337816455698
"75","TRAUCHGAU","TRAUCHGAUER ACH",10.83,47.65,-0.00075,1.670125,0.126956954598427,-0.000988011988011994,2.15136505161506,-0.000527777777777778,1.25936111111111,0.641239702701569,-0.00104744705452775,2.31497683483447,-0.000952586206896552,2.147125,0.144757434725761,-0.000768247930866611,1.79384134615386,-0.00357954545454546,7.46429545454546,4.47423917648848e-05,-0.00308489532619279,6.49636489776046,-0.00170833333333333,3.6810625,0.00582027668133378,-0.00161615599590286,3.48914233235124
"76","OBERAMMERGAU","AMMER",11.06,47.6,0.00482142857142857,-8.37803571428572,0.0783541202545166,0.00523463059883155,-9.10609503103701,0.0075,-13.41625,0.00363779067993164,0.00769376521421617,-13.7658711690604,0.00528571428571428,-9.03582142857142,0.104749202728271,0.00585457947906523,-10.1013600900681,-0.0108088235294118,24.4197794117647,0.000271117896772921,-0.0111987585199609,25.2620228821809,0.00221774193548387,-2.20596774193549,0.369496822357178,0.00253109785783829,-2.75494401168436
"77","HEITZENHOFEN","NAAB",11.936343,49.118264,0.0181743421052632,-15.979605263158,0.0569064617156982,0.00816483305359677,3.69434783256514,0.0429435483870967,-58.8274193548386,0.171348810195923,0.0523531314799901,-75.5463060100122,0.10625,-175.5375,0.0554879903793335,0.0811502944505975,-124.200543140243,0.000231481481481468,22.0895833333334,0.678733348846436,0.000505416260953079,21.8706365628066,-0.0059090909090909,32.1752272727272,0.704185843467712,-0.0114721275559901,44.1331669912401
"78","UNTERKOEBLITZ","NAAB",12.15395,49.535609,0.0144642857142856,-23.852857142857,0.129161715507507,0.0156949221664409,-26.0211054293802,0.0224695121951219,-35.9499085365853,0.198540210723877,0.0214777872444014,-32.9813605769235,0.0228571428571428,-33.2096428571427,0.15202522277832,0.00626847005842039,0.456799537492182,0.0172413793103449,-28.1435344827587,0.0875357389450073,0.0171106377799413,-27.6374014118787,0.00958333333333333,-13.7245833333333,0.43627405166626,0.00709401358135516,-8.06099732018997
"79","TEISNACH","SCHWARZER REGEN",13.000042,49.042548,0.0102603021978022,-15.4461277472528,0.0437967777252197,0.0026733015453009,-0.458269869712598,0.0260576923076922,-45.5724038461537,0.0707000494003296,0.0180064554830301,-29.2457050310079,0.0338015873015873,-58.847257936508,0.0842229127883911,0.0310331317099544,-52.7677325733538,0.00151785714285713,3.68901785714289,0.574875712394714,-0.0110024647030188,28.964389605648,0.00905000000000001,-12.465775,0.0943561792373657,-0.00218408179642184,9.93365905914001
"80","INKOFEN","AMPER",11.865229,48.460684,0.0842741935483871,-143.288306451613,0.0111830234527588,0.070034079844207,-114.132570593964,0.122177419354839,-213.4,0.000950098037719727,0.11253620983447,-193.572292173808,0.0532608695652175,-73.7125000000001,0.11630380153656,0.0386492818889954,-43.0967806718565,-0.0249999999999998,81.9999999999995,0.917528033256531,-0.0142615019474203,61.3754320837403,0.0820833333333333,-133.44625,0.029025673866272,0.0688634980525781,-106.958903359294
"81","HOHENKAMMER","GLONN",11.524145,48.422706,0.00431818181818183,-6.97272727272729,0.162143468856812,0.00482372809152874,-8.0011642222493,0.00740131578947368,-12.7063157894737,0.020746111869812,0.00731073515092503,-12.4418689143135,0.00743150684931507,-12.7428082191781,0.101107001304626,0.00741976022395321,-12.5625492940603,0.0017892156862745,-1.81085784313724,0.296434760093689,0.00239511319376826,-2.9681785540409,0.00400943396226415,-6.21466981132075,0.175496101379395,0.00391826923076923,-6.01555282375851
"82","ROTTERSDORF","VILS",12.693803,48.606248,0.00134146341463415,-0.176310975609764,0.647428750991821,9.00073028241677e-06,2.44902458008755,0.00628472222222223,-9.22260416666668,0.258307933807373,0.00460820350535547,-5.86158093963012,0.00012500000000002,3.20899999999996,0.849436044692993,0.00145046251217126,0.659698149951542,-0.00503787878787878,12.7392045454545,0.56316739320755,-0.003898521178189,10.4544358568649,-0.00266203703703703,8.02504629629629,0.829202055931091,-0.00219690847127567,7.0467474440119
"83","VILSBIBURG","VILS",12.356043,48.45296,0.0015,-1.87775,0.271859169006348,-6.12112571699753e-05,1.22195099054816,0.0031578947368421,-4.74,0.126678109169006,0.00187807935735152,-2.1752823393379,0.00151442307692308,-1.39831730769231,0.329521894454956,0.000866836051606543,-0.0863781036999437,-4.16666666666676e-05,1.33854166666667,0.710602402687073,-0.000442395934761496,2.14498350778979,0.000919117647058824,-0.600533088235294,0.411800265312195,0.000331061219493299,0.584800058033028
"84","HOFKIRCHEN","DANUBE RIVER",13.115161,48.676623,0.188953488372093,-49.5872093023256,0.308572292327881,0.158982473222985,8.39900194740896,0.578125,-775.453125,0.114311337471008,0.627875486854923,-869.141537852981,-0.0416666666666667,521.75,0.569007158279419,-0.217499391431379,894.826010224004,-1.578125,3571.515625,0.016062518581748,-1.47476570107108,3380.32722736124,-0.129166666666667,609.879166666667,0.822481751441956,-0.132135467380734,620.944681110055
"85","UNTERSCHMEIEN","SCHMIECHA",9.149755,48.091695,0.000651249999999999,-0.969837499999998,0.620830178260803,0.000800219243621451,-1.25385298202461,0.00266463414634146,-4.78838414634146,0.0532392263412476,0.00301790362383459,-5.45346401979436,0.00140811011904762,-2.05099255952381,0.181978940963745,0.000218088179476558,0.402527765202513,0.000475806451612903,-0.411423387096773,0.678733348846436,0.00065421738072055,-0.667880477117828,0.000556603773584905,-0.737716981132075,0.604639530181885,0.000507786635832532,-0.608099500973731
"86","KALTENECK","ILZ",13.451856,48.688859,0.00416666666666673,-3.27375000000012,0.534409999847412,-0.00290604917234659,10.8450080209347,0.00916666666666666,-11.5120833333333,0.210859417915344,0.00670437560856869,-6.2707631268258,0.0291250000000002,-48.5643750000003,0.0813233852386475,0.032564964703018,-54.4724117575452,0.00147058823529409,3.90661764705889,0.517518520355225,-0.00518865628042851,17.3556122200586,0.00102941176470589,3.33558823529411,0.622823119163513,-0.00680343232716686,19.2167137293094
"87","ACHLEITEN","DANUBE RIVER",13.504361,48.5824,1.56018518518519,-2403.50462962963,0.0101275444030762,1.67607108081792,-2635.34498539436,2.10625,-3453.8625,0.00299382209777832,2.30817307692308,-3832.70996226876,0.663194444444444,-470.211805555555,0.374117374420166,0.249555744887983,377.14070107116,-3.02083333333333,7277.5,0.033776082098484,-3.23764301363192,7715.49835686463,0.768867924528302,-696.047169811321,0.227023959159851,0.611371105160637,-365.43409201553
"88","OBERNDORF","DANUBE RIVER",12.014935,48.946957,0.296052631578947,-424.233552631579,0.149969100952148,0.242361371707773,-314.495173720177,0.6,-998.5375,0.00232505798339844,0.687372769722381,-1166.17839820739,0.1875,-141.75,0.427272081375122,0.114519535053542,18.5328079357586,-0.882352941176471,1994.64705882353,0.0345062240958214,-0.768871713729309,1775.29479065239,0.0424107142857143,96.8526785714286,0.610674262046814,0.0318037974683474,118.982278481027
"89","PFELLING","DANUBE RIVER",12.747222,48.879753,0.257789855072464,-297.455072463768,0.0859136581420898,0.238527123240246,-260.476359322664,0.587228260869565,-919.235326086957,0.0349130630493164,0.676634030121977,-1086.17767223258,0.125,65.0625,0.437819242477417,0.0749026135451059,184.428358404717,-1.14102564102564,2551.49358974359,0.0254231337457895,-1.00585443037975,2300.18512658228,-0.0736607142857143,373.629464285714,0.782449722290039,-0.0620101022395415,355.344875852014
"90","LANDAU","ISAR",12.693681,48.67375,0.0514302507836991,-7.04980407523512,0.250961542129517,0.0698477727457679,-42.7823566552391,0.111111111111111,-117.654861111111,0.24540650844574,0.119687039418987,-131.14453742889,-0.0694444444444444,251.041666666667,0.951834678649902,-0.0657926606621249,246.539563047716,-0.208333333333333,544.583333333333,0.220455169677734,-0.223411027263875,579.43073271665,0.0789473684210526,-44.5197368421052,0.198040246963501,0.0770965078846196,-40.315155216781
"91","MITTENWALD","ISAR",11.270803,47.443334,0.00984042553191489,-14.9388563829787,0.444629430770874,0.00763748910471567,-10.6050387656965,0.00823866758241758,-11.3561131524725,0.365281581878662,0.00772976873170245,-10.2218653661964,0.00757986815415821,-10.4654392748479,0.158730387687683,0.00542677595759926,-6.17311297714936,-0.0155048076923077,44.4688701923076,0.211049258708954,-0.0193259949364441,52.2494918222609,0.0134821428571429,-18.4357142857144,0.194303512573242,0.0115350604773389,-14.2234370427226
"92","KOCHEL","LOISACH",11.362965,47.665754,0.033,-41.7749999999999,0.101635813713074,0.0314247687623277,-38.5374410096576,0.0309210526315789,-35.6108552631577,0.32161021232605,0.0307790028533677,-34.4004078017583,0.00900000000000006,7.05649999999989,0.538933873176575,0.0163459660276911,-6.28604323458254,-0.0612068965517242,162.054310344828,0.267965137958527,-0.0709566920086557,182.387246340731,-0.0143292682926829,60.4285060975609,0.798231065273285,-0.00518142342825409,43.0551214995181
"93","GARMISCH UDP","LOISACH",11.0649,47.502472,-0.00203993055555555,6.68428993055554,0.925637722015381,-0.00210181150173509,6.83665887504928,-0.000465686274509807,3.86545343137256,0.932092547416687,-0.000790632798760394,4.61246458890122,-0.00589925699300699,14.5810063374126,0.313447177410126,-0.00461459186108565,12.2598220731098,-0.0207500000000001,51.3442500000003,0.183892041444778,-0.0305782923563773,71.6678036757536,-8.47457627118626e-05,5.51108050847457,0.986230850219727,-0.000647170155793635,6.79144121226886
"94","PARTENKIRCHEN","PARTNACH",11.12,47.48,0.000999999999999997,-1.04799999999999,0.586698055267334,-0.000311699732229803,1.5807857321081,0.00104651162790698,-0.994970930232555,0.883374214172363,-0.000318266187926011,1.73360827957646,0.00168269230769231,-2.36927884615384,0.230360269546509,0.000647961295034099,-0.225575705939667,0.00512254901960785,-6.07992647058825,0.653642177581787,0.0042425754625123,-4.35112220058447,0.00360576923076923,-5.00980769230769,0.223722457885742,0.00384974440116846,-5.36863315481988
"95","BAD TOELZ","ELLBACH",11.57,47.77,-9.46428571428551e-05,0.595878571428567,0.420776128768921,-0.000551045384199699,1.50993758871823,-0.000312500000000003,1.08875000000001,0.979347467422485,-0.000699354917234656,1.8615138875365,-3.12499999999993e-05,0.538968749999999,0.569007158279419,-0.000459429771178214,1.39710765579362,-0.000425,1.376125,0.924379110336304,-0.00113023064751706,2.78862566942555,-0.000147569444444444,0.830269097222221,0.533873677253723,-0.000552391958850416,1.63685319814885
"96","HUNDERSINGEN","DANUBE RIVER",9.396086,48.072465,0.0268470149253731,-47.1327052238806,0.0309886932373047,0.0285484856627506,-50.3186287291243,0.0347569444444444,-60.3503819444444,0.0237717628479004,0.044522395326193,-78.1571304771182,0.0329411764705882,-51.6204411764706,0.230360269546509,0.0246252434274571,-33.2632509737068,0.022089552238806,-34.3090111940299,0.177034258842468,0.0255644596962474,-40.601745661254,0.0211890243902439,-35.2300457317073,0.0795023441314697,0.0214496679769522,-35.3684930864062
"97","KIRCHEN-HAUSEN","DANUBE RIVER",8.68,47.93,0.000405727424749168,1.64029933110367,0.630019426345825,5.10079602698408e-05,2.5314659544429,0.0118890996718622,-19.0850602440525,0.394082188606262,0.00543061807037049,-5.98339060260228,0.00129170185810811,3.76976351351351,0.675816416740417,-0.00858442808975153,23.8126621312832,-0.0046629403794038,12.9365125338753,0.735268294811249,-0.00503337992944309,14.0263572210135,-0.00488888888888889,12.6936527777778,0.119403056800365,-0.00439676280018024,11.6786080320044
"98","WASSERBURG","INN",12.234239,48.059301,0.651785714285714,-1151.32142857143,3.44514846801758e-05,0.64006876825706,-1126.5690354187,0.761904761904762,-1365.10119047619,2.62260437011719e-06,0.771277994157741,-1380.12861246349,0.730769230769231,-1301.75961538462,9.5367431640625e-06,0.710659384128527,-1255.67994766309,0.352272727272727,-331.477272727273,0.574875712394714,0.361587147030193,-361.23685491725,0.84765625,-1471.203125,0.000206828117370605,0.82557814021421,-1414.15895813046
"99","STAUDEN","LEITZACH",11.9354,47.71,0.00412109375,-6.0853515625,0.0907824039459229,0.00341863437195717,-4.6588634980526,0.00395833333333333,-5.506875,0.102915287017822,0.00444994522882182,-6.44316629138269,0.00259765625,-2.69001953125001,0.374117374420166,0.00244233812074002,-2.27688960564753,-0.0088109756097561,20.8872256097561,0.0172373801469803,-0.00924948271665041,21.8961435004868,0.00358695652173913,-4.33059782608696,0.124547600746155,0.00266507424537477,-2.53007485394331
"100","BURGHAUSEN","SALZACH",12.834335,48.158628,0.290000000000001,-483.325000000001,0.00987792015075684,0.332072480525804,-565.96938199854,0.347265625,-592.965234375001,0.00149595737457275,0.397230099805258,-689.07390548929,0.2375,-370.4875,0.0587911605834961,0.237009493670886,-362.087658227848,-0.289772727272727,823.670454545455,0.17826235294342,-0.431779454722486,1109.84737098343,0.378571428571429,-618.114285714286,0.00963389873504639,0.338694315968837,-535.936739289184
"101","STEIN","TRAUN",12.542419,47.99121,0.0167391304347826,-29.0848369565217,0.00373947620391846,0.0153626764849075,-26.1612019535054,0.0227604166666667,-40.3195833333333,0.00267422199249268,0.0225521543330088,-39.7637988680623,0.0148863636363636,-23.6673863636364,0.114311337471008,0.011452196932814,-16.4133720788704,0.00203125000000004,3.48109374999992,0.938097715377808,-0.00403903967867567,15.694782740993,0.0180650684931507,-30.5655308219178,0.0180618762969971,0.0111161453261924,-16.470125973709
"102","SIEGSDORF","WEISSE TRAUN",12.65,47.82,0.00842307692307693,-14.3434807692308,0.0254231691360474,0.00955471032132428,-16.4940090676729,0.0108333333333333,-18.7733333333333,0.0076676607131958,0.0125111976630964,-21.9244703018501,0.00958333333333331,-15.6520833333333,0.154508590698242,0.0106586842745862,-17.5408879016553,0.00586206896551724,-6.90620689655172,0.511950016021729,0.0044474196689387,-3.8513339824733,0.0138709677419355,-24.3228225806451,0.00987792015075684,0.0117208495618304,-19.7511745374874
"103","WERNLEITEN","ROTE TRAUN",12.65,47.83,0.00335416666666667,-5.87355208333334,0.0240777730941772,0.00313751857585487,-5.41043979767696,0.0047175,-8.37930125,0.0521438121795654,0.0050968032976442,-9.0612249219095,0.00591666666666667,-10.51575,0.0378485918045044,0.00490737104133631,-8.4013821909673,0.00199404761904762,-2.64675595238095,0.574875712394714,0.00077881876825708,-0.131504199123701,0.00430555555555556,-7.47986111111111,0.0149586200714111,0.00301720423563766,-4.86721153846131
"104","ILSANK","RAMSAUER ACHE",12.95,47.62,-0.00511904761904763,12.109375,0.38672149181366,-0.00544880480664481,12.7831208562238,-0.00290322580645161,7.9716129032258,0.697790265083313,-0.00383831243914312,9.82445860820348,-0.00513157894736842,12.3168421052631,0.247564017772675,-0.00622113254625127,14.4569579479066,-0.000855263157894754,6.88907894736845,0.704185843467712,-0.00274780915287235,10.6887159201556,0.00509920634920635,-6.68077380952381,0.152524590492249,0.00457917593777166,-5.61342631179176
"105","UNTERJETTENBERG","SAALACH",12.822811,47.681177,0.0192708333333333,-28.2872916666667,0.214023947715759,0.0215775620740019,-32.8087674963485,0.0176953125,-24.7013671875,0.355849027633667,0.0165674902629016,-21.8427119644595,0.0271739130434783,-41.545652173913,0.265647649765015,0.0258505051119768,-38.2889526533597,-0.118452380952381,262.563095238095,0.00546039268374443,-0.134792478091528,297.20619522882,0.0435344827586207,-72.2668103448277,0.0111830234527588,0.0336814447419663,-51.8583903359287
"106","STAUDACH","TIROLER ACHEN",12.48,47.78,0.0175595238095238,-22.7205357142857,0.261960029602051,0.0209215250730282,-29.0914987524342,0.0157407407407408,-18.2824074074075,0.528748750686646,0.0295627129990263,-44.935194468111,0.0320723684210526,-49.0399671052632,0.247564077377319,0.0295937804284327,-42.8754479065246,-0.0448170731707317,112.598780487805,0.106609098613262,-0.0338266796494638,91.4540408958117,0.0386904761904762,-60.2904761904762,0.0180618762969971,0.0358148125608562,-54.0803858325205
"107","PASSAU INGLING","INN",13.444127,48.561499,1.30633462282398,-2272.97038201161,8.10623168945312e-06,1.36639096843149,-2385.02912345195,1.37408088235294,-2387.89522058824,8.70227813720703e-06,1.46999423877552,-2571.47827902409,1.328125,-2271.046875,0.00104165077209473,1.37498478578383,-2355.33854673806,-0.37,1487.04,0.587358236312866,-0.511866845901995,1778.62518898666,1.35119047619048,-2238.16666666667,0.00373947620391846,1.21329113924049,-1949.07436708858
"108","HOHENSAATEN-FINOW","ODER RIVER",14.142113,52.872891,-0.271875,784.9359375,0.917842507362366,-0.397126073825465,1037.67563359526,0.182432432432432,-34.2449324324324,0.533024549484253,0.245873686429284,-129.038904661822,0.236111111111111,-48,0.55085027217865,0.293819922348261,-127.29753211215,-0.949468085106383,2189.70744680851,0.0858510211110115,-0.918902787320223,2128.57382142681,-0.375,997.8125,0.763806700706482,-0.245010402369795,769.563870590693
"109","EISENHUETTENSTADT","ODER RIVER",14.688,52.153,-0.08375,284.9175,0.556856632232666,-0.176676869248737,478.722642069196,0.0393518518518519,85.3101851851852,0.703045010566711,0.00711035361620662,167.427663239981,0.0197368421052632,179.615131578947,0.631312608718872,-0.169798613982809,571.33193455121,-0.595338983050847,1343.59110169492,0.103523917496204,-0.656012650182715,1467.3853094484,-0.201136363636364,527.1625,0.717039585113525,-0.176342502434284,498.685528237605
"110","GOERLITZ","NEISSE RIVER",14.993192,51.16116,-0.00808423913043477,20.6366304347826,0.218736231327057,-0.00853433913365456,21.6074402998896,-0.00276829133510168,12.0267412687887,0.957354485988617,0.00544686381587074,-3.30731079538458,0.00545197740112995,-1.53771186440678,0.715414881706238,-0.00401143866469227,18.1289465707149,-0.0371212121212121,79.7377272727273,0.0101229846477509,-0.0374223667160312,80.7552997732324,-0.0144907407407407,33.7959722222222,0.123313039541245,-0.00990111687029512,25.2463291373569
